-1.710203363982166325e+00,3.809525200362491870e-01,4.866137343518442959e-01
-1.661454017549655271e+00,5.903313305679506184e-01,4.997487517246196331e-01
-1.592142386221154782e+00,7.923829850709472877e-01,5.058855593858976318e-01
-1.503073279518350569e+00,9.858216793263386846e-01,5.056981255948141962e-01
-1.395151013985499455e+00,1.169728190009642566e+00,5.003924526128952222e-01
-1.269352999049411901e+00,1.343391133168654994e+00,4.911441995987314568e-01
-1.126725052469958799e+00,1.506102292165923506e+00,4.784351747755007933e-01
-9.683988726553407478e-01,1.656934466690689112e+00,4.616495861038057980e-01
-7.956276296577800000e-01,1.794549189821426749e+00,4.392449574628071174e-01
-6.098318475236201852e-01,1.917088797529117761e+00,4.095676306578422965e-01
-4.126460003845260349e-01,2.022190419378365966e+00,3.719993767551795782e-01
-2.059572282186821202e-01,2.107117587907539669e+00,3.277929788454397864e-01
8.069450571759562152e-03,2.168958801225660871e+00,2.799591075999455780e-01
2.269818717023397436e-01,2.204825513846828233e+00,2.320477618388768482e-01
4.480479763602638332e-01,2.212013384821851503e+00,1.864028386210317689e-01
6.682801818243289116e-01,2.188149574153862353e+00,1.429428493002767586e-01
8.844791236627747022e-01,2.131385808284054661e+00,9.932466286888161355e-02
1.093300991627112806e+00,2.040673809568277264e+00,5.252994988329792725e-02
1.291352524925224454e+00,1.916085538169948199e+00,9.747444921604786483e-04
1.475313158705333860e+00,1.759069109231152117e+00,-5.419903796037420229e-02
1.642074899603582550e+00,1.572519221521350152e+00,-1.095787935184492634e-01
1.788880858244347172e+00,1.360603125695780014e+00,-1.614854915765750187e-01
1.913438830840410887e+00,1.128381127493222058e+00,-2.081697187280557027e-01
2.013991131668444901e+00,8.813343628729145562e-01,-2.506022477012318506e-01
2.089334488702909276e+00,6.249237981904885997e-01,-2.913397481711373915e-01
2.138797218800734257e+00,3.642574559525682543e-01,-3.324461407930786594e-01
2.162188187193276434e+00,1.038762321244347114e-01,-3.739649976501492334e-01
2.159731306133923834e+00,-1.523736051449572915e-01,-4.137157623341610746e-01
2.131993669657757273e+00,-4.014145854528534119e-01,-4.482130204882938118e-01
2.079809949428025995e+00,-6.409716793048351180e-01,-4.740791127755105139e-01
2.004204041026712790e+00,-8.695617767121782693e-01,-4.893639964134496312e-01
1.906311449331172803e+00,-1.086430028369193446e+00,-4.943340860689505734e-01
1.787309990081025202e+00,-1.291423164899001330e+00,-4.914378616613791495e-01
1.648368885544974738e+00,-1.484790568418821843e+00,-4.843877392907575130e-01
1.490625482971898563e+00,-1.666910741668294671e+00,-4.766250122249334753e-01
1.315194797187915210e+00,-1.837959162750483211e+00,-4.697391982290969326e-01
1.123211167179919423e+00,-1.997563384777288897e+00,-4.625553623928811975e-01
9.158951062491984541e-01,-2.144522967614947540e+00,-4.514767079010556516e-01
6.946337096859949156e-01,-2.276682867907613428e+00,-4.322007343055292994e-01
4.610615415845260578e-01,-2.391013118827505224e+00,-4.021679553932503426e-01
2.171311893985496955e-01,-2.483863738865071724e+00,-3.624112147105452708e-01
-3.483323770134960640e-02,-2.551279068537363415e+00,-3.174555169508767039e-01
-2.921032456941028421e-01,-2.589243078564430256e+00,-2.729108752269741034e-01
-5.515364466981400593e-01,-2.593818731508648057e+00,-2.319602966293433932e-01
-8.095942470874788466e-01,-2.561284664911195108e+00,-1.930000152063985619e-01
-1.062392679890560521e+00,-2.488444315294897180e+00,-1.503198139095448804e-01
-1.305794128920273467e+00,-2.373198582154927294e+00,-9.789628796196328531e-02
-1.535547996892267841e+00,-2.215266125516814455e+00,-3.413754166193885831e-02
-1.747484851698418717e+00,-2.016757663272001011e+00,3.572695482558682634e-02
-1.937754978883756030e+00,-1.782310250628269310e+00,1.018734286530741107e-01
-2.103074684256498905e+00,-1.518672323192183038e+00,1.558397663302696079e-01
-2.240918275572732377e+00,-1.233868728333457065e+00,1.959769829661251739e-01
-2.349602124658179747e+00,-9.362239548376419807e-01,2.279650237261517665e-01
-2.428254428267670129e+00,-6.335209412262853279e-01,2.601525006904336079e-01
-2.476710846202009542e+00,-3.324462932096194367e-01,2.979266552648550670e-01
-2.495385240752289846e+00,-3.831855887957950901e-02,3.411582610695046425e-01
-2.485142740538733186e+00,2.449742557330283899e-01,3.852168836522719131e-01
-2.447179698326659825e+00,5.148871424209423564e-01,4.236659214354102643e-01
-2.382908231846635694e+00,7.700279521282132889e-01,4.509336681625438770e-01
-2.293846953121000176e+00,1.009929508159650657e+00,4.642515760128230751e-01
-2.181524272685548382e+00,1.234843648896059909e+00,4.645757057150018410e-01
-2.047402511332386155e+00,1.445568040750220495e+00,4.562574321845102032e-01
-1.892830426367369201e+00,1.643264088376944931e+00,4.454701854673243089e-01
-1.719029420493409122e+00,1.829209065324432393e+00,4.378519055596211684e-01
-1.527115156937319584e+00,2.004453418906031459e+00,4.361855951225760419e-01
-1.318152088654092724e+00,2.169409764871446988e+00,4.390382058586038694e-01
-1.093233985713436995e+00,2.323463514615873748e+00,4.410981081609958165e-01
-8.535799776770824909e-01,2.464736312591264245e+00,4.354392593108710185e-01
-6.006350109925524539e-01,2.590109444137508543e+00,4.170169952222292364e-01
-3.361667738829352547e-01,2.695503643242068481e+00,3.856473168691562092e-01
-6.235477494338081961e-02,2.776268089252151405e+00,3.464030817397966144e-01
2.181333285968383162e-01,2.827475176074152330e+00,3.065517358557546812e-01
5.020880624112959989e-01,2.844031952019268061e+00,2.704557049105841271e-01
7.857423897648632138e-01,2.820749238805990267e+00,2.356841400996082247e-01
1.064811189878885900e+00,2.752673678075794328e+00,1.934498817998740738e-01
1.334599570042967143e+00,2.635904509098805804e+00,1.340753362711975816e-01
1.590183883659848751e+00,2.468778378290204856e+00,5.468097616938902283e-02
1.826658859227161313e+00,2.252949378258042756e+00,-3.608614502619392206e-02
2.039437502601318286e+00,1.993815972819912963e+00,-1.206661193345485439e-01
2.223461177048109860e+00,1.680319479468605826e+00,-4.556056128904560909e-01
2.374869495871425151e+00,1.344056856896679752e+00,-4.774210151513688105e-01
2.491986088461525917e+00,9.989774297119157209e-01,-4.590265109534900079e-01
2.574583708429306839e+00,6.568411404529416187e-01,-4.369767874009130582e-01
2.623483249758842284e+00,3.265588479614559003e-01,-4.134321582372467718e-01
2.640222123275909549e+00,1.404687495739571912e-02,-3.875503471708060532e-01
2.626767406224622903e+00,-2.773990478809180149e-01,-3.582746116669258685e-01
2.585298867533343703e+00,-5.464903795289705046e-01,-3.245271763288332112e-01
2.518059674181595042e+00,-7.933149775156459471e-01,-2.855022538737631566e-01
2.427253637941343634e+00,-1.018793822756866030e+00,-2.410040375379384481e-01
2.314974167606984157e+00,-1.224264478220860264e+00,-1.916941706576384130e-01
2.183161925159834649e+00,-1.411189544569442456e+00,-1.390409252456283051e-01
2.033592261835144299e+00,-1.580958261185717584e+00,-8.489456963650812704e-02
1.867890802528474392e+00,-1.734740721868961666e+00,-3.088189210884198510e-02
1.687571488799649799e+00,-1.873367366831678149e+00,2.205735854901544335e-02
1.494089233809625661e+00,-1.997227662761181799e+00,7.376424132642508957e-02
1.288899402975497654e+00,-2.106196454845497001e+00,1.245687403356921796e-01
1.073517527847457353e+00,-2.199597913096768664e+00,1.747836003135131155e-01
8.495740803390785523e-01,-2.276209194677084824e+00,2.242392768083075472e-01
6.188606758507686489e-01,-2.334299842363261490e+00,2.720843579209270002e-01
3.833658163782576178e-01,-2.371707893041208770e+00,3.169499110320498358e-01
1.452995652400008719e-01,-2.385967485361757845e+00,3.573991138147744051e-01
-9.289383443698739917e-02,-2.374510273867466381e+00,3.924345337332820760e-01
-3.285387891926594417e-01,-2.334948733813915211e+00,4.218009863014583471e-01
-5.587530260685957817e-01,-2.265414805406830823e+00,4.459278709745601033e-01
-7.805015347923707214e-01,-2.164893621760278108e+00,4.655416355285194596e-01
-9.906843102451932115e-01,-2.033484055471827645e+00,4.811484924552001941e-01
-1.186255463779118058e+00,-1.872541991076327017e+00,4.926590390336070824e-01
-1.364362062592568092e+00,-1.684699556840142387e+00,4.993629644149802926e-01
-1.522482996698272695e+00,-1.473773191371075209e+00,5.002852719532268067e-01
-1.658545538301278599e+00,-1.244561334157163524e+00,4.947447734029662980e-01
-1.771002464923580044e+00,-1.002515092924566753e+00,4.827969766559147002e-01
-1.858862972190208795e+00,-7.532905246057898241e-01,4.652731096487013884e-01
-1.921680172400584974e+00,-5.022634081516185178e-01,4.433555784804877886e-01
-1.959503667207999955e+00,-2.541381322951520860e-01,4.179412494822639657e-01
-1.972808585660208225e+00,-1.274626286103079653e-02,3.892065371918062011e-01
-1.962413488386000049e+00,2.189674582096026723e-01,3.566573630861239463e-01
-1.929397936200383912e+00,4.388486242372929280e-01,3.196143288699556662e-01
-1.875026858504751148e+00,6.454077075367407046e-01,2.778034237050047706e-01
-1.800685489109507431e+00,8.377046535670976679e-01,2.316927407602048239e-01
-1.707827037388865543e+00,1.015240708584124851e+00,1.824192360201191965e-01
-1.597934815978379719e+00,1.177839446264179690e+00,1.314044892346356297e-01
-1.472499976998496551e+00,1.325507132461217763e+00,7.989752715536266314e-02
-1.333014825624975197e+00,1.458278810146640181e+00,2.866667426568877963e-02
-1.180980191180992067e+00,1.576068890628380847e+00,-2.204865061680041927e-02
-1.017923981019152935e+00,1.678549198223778349e+00,-7.234368079446543143e-02
-8.454270299521329246e-01,1.765073782881227737e+00,-1.223251261769650322e-01
-6.651517648607254696e-01,1.834661022797174690e+00,-1.718140628852370677e-01
-4.788691379995853037e-01,1.886033452059056037e+00,-2.202092687605531618e-01
-2.884797899955133804e-01,1.917708350782914684e+00,-2.665681576947750431e-01
-9.602623800423359945e-02,1.928129215176381583e+00,-3.098560206940464967e-01
9.630646515343799230e-02,1.915827787853482844e+00,-3.492295734520115547e-01
2.862040097936755512e-01,1.879604372266193257e+00,-3.842082759925330437e-01
4.712524552330565886e-01,1.818709036151590075e+00,-4.146574291866683692e-01
6.489857938416137006e-01,1.733001184595616584e+00,-4.406166686955642620e-01
8.169506241153914328e-01,1.623065025992802779e+00,-4.620876808798676239e-01
9.727833800692209376e-01,1.490265231726830342e+00,-4.789027408892084781e-01
1.114292072166884529e+00,1.336736287330161366e+00,-4.907369908773847600e-01
1.239533041781632150e+00,1.165304903532447645e+00,-4.972410033588100520e-01
1.346874473812226469e+00,9.793474992856497918e-01,-4.981999769632611264e-01
1.435041312649709244e+00,7.825913278950301644e-01,-4.936079756084065240e-01
1.503139111429780961e+00,5.788831806798525603e-01,-4.835997691271646248e-01
1.550656516572249455e+00,3.719658466327187551e-01,-4.682891725082899415e-01
1.577448064083693868e+00,1.653031635326128179e-01,-4.476487579844149467e-01
1.583701117065956065e+00,-3.802664858358199840e-02,-4.215516133240743146e-01
1.569892450862319766e+00,-2.353782119839051279e-01,-3.899759180939713632e-01
1.536740344236737332e+00,-4.245499884725882356e-01,-3.532392240945912976e-01
1.485157170763058199e+00,-6.037754107764837785e-01,-3.120929828417661200e-01
1.416206269882394064e+00,-7.716943734442730518e-01,-2.675985342076973028e-01
1.331065910384064743e+00,-9.272963934377856932e-01,-2.208485095502698281e-01
1.231002365681050703e+00,-1.069831283014514023e+00,-1.726866495778100197e-01
1.117353175365146001e+00,-1.198695499728707370e+00,-1.235660569262055086e-01
9.915204678161595453e-01,-1.313313121884266410e+00,-7.360003621373781280e-02
8.549729420943728009e-01,-1.413033998120447388e+00,-2.276258746562578872e-02
7.092540243664045008e-01,-1.497067643374503598e+00,2.886599536466402660e-02
5.559930317358343643e-01,-1.564462798002944632e+00,8.092135304076006341e-02
3.969159878825252452e-01,-1.614133184409047184e+00,1.327176923901188521e-01
2.338530026598737432e-01,-1.644923152242470765e+00,1.833544848386975123e-01
6.873966786395668827e-02,-1.655703736479667620e+00,2.319045167628911164e-01
-9.638953730883703663e-02,-1.645488760218585478e+00,2.775881891016450664e-01
-2.594174704558434019e-01,-1.613559557122752119e+00,3.198563499221575013e-01
-4.181715122487432712e-01,-1.559584727600906939e+00,3.583600369541554143e-01
-5.704624024492146450e-01,-1.483719762310986789e+00,3.928470774409146271e-01
-7.141340341111794832e-01,-1.386672988136636642e+00,4.230574146872737584e-01
-8.471214066864611869e-01,-1.269729690043208459e+00,4.486764525869045839e-01
-9.675117134863138180e-01,-1.134732829084393879e+00,4.693619794282380964e-01
-1.073602176325832547e+00,-9.840230193788920277e-01,4.848153396003976878e-01
-1.163948473032528463e+00,-8.203417308959154441e-01,4.948466256712248379e-01
-1.237399365281688590e+00,-6.467033324870020694e-01,4.993929524587724655e-01
-1.293115598362814866e+00,-4.662469293720993835e-01,4.984786430308457694e-01
-1.330573365711817724e+00,-2.820863386638647330e-01,4.921420792379603837e-01
-1.349554154011414875e+00,-9.717960085935765935e-02,4.803805003783122585e-01
-1.350123673682883885e+00,8.576635452182819475e-02,4.631628521488221351e-01
-1.332603056963012067e+00,2.643518880786127068e-01,4.405217991286559664e-01
-1.297535718223390200e+00,4.365070841179735095e-01,4.126768225994891237e-01
-1.245653292504347975e+00,6.004877688161459615e-01,3.801041611347341087e-01
-1.177843907131513435e+00,7.548487139048115635e-01,3.434905710737677920e-01
-1.095125611817095335e+00,8.983942765895677196e-01,3.035778175919386923e-01
-9.986269871801571885e-01,1.030108064487922581e+00,2.609759286122422806e-01
-8.895757906148606953e-01,1.149068884502458365e+00,2.160476139869257073e-01
-7.692951817860900210e-01,1.254366584334004164e+00,1.689298771660315557e-01
-6.392058788980155004e-01,1.345034532863496279e+00,1.196853241335585627e-01
-5.008317590958892840e-01,1.420013450561580681e+00,6.850623931424135171e-02
-3.558060368565867382e-01,1.478154736453491713e+00,1.586529499735686577e-02
-2.058752108113577339e-01,1.518263078057816129e+00,-3.746640075027332650e-02
-5.289833317529901713e-02,1.539171289503633799e+00,-9.054246239108212913e-02
1.011603686883437714e-01,1.539836907595683035e+00,-1.424369832718862805e-01
2.542470712973561309e-01,1.519449499519418323e+00,-1.924058508235663434e-01
4.042433311654975991e-01,1.477537783030975715e+00,-2.399315931776097310e-01
5.490011250251207731e-01,1.414065164065311242e+00,-2.846434292217142614e-01
6.863875832468935290e-01,1.329501853752851792e+00,-3.261799334460501187e-01
8.143373979051593547e-01,1.224863069244601865e+00,-3.640919393834362028e-01
9.309090259666865652e-01,1.101706572927264594e+00,-3.978507870497473009e-01
1.034339503587297093e+00,9.620877283887326881e-01,-4.269545808818949739e-01
1.123092566695284011e+00,8.084748210471220942e-01,-4.510595155025544090e-01
1.195895843015210680e+00,6.436316719737592562e-01,-4.700457027629855178e-01
1.251764572640123863e+00,4.704796762093382267e-01,-4.839680008126211463e-01
1.290011013250415894e+00,2.919567073085092557e-01,-4.929166036118292071e-01
1.310240160636654050e+00,1.108923402767770378e-01,-4.968736946716393321e-01
1.312333715717952209e+00,-7.008570853703070813e-02,-4.956617868021712114e-01
1.296425323967625332e+00,-2.486087649332892613e-01,-4.890268295038470159e-01
1.262870804229894173e+00,-4.225918112055941367e-01,-4.768137998013460832e-01
1.212217244947288552e+00,-5.902322440945068083e-01,-4.591279274057572524e-01
1.145174559779295276e+00,-7.499865018225994051e-01,-4.363752741959149306e-01
1.062592503487736595e+00,-9.005244129411656973e-01,-4.091452807543208836e-01
9.654452780319893179e-01,-1.040661414220226400e+00,-3.779935231783940752e-01
8.548246622864174027e-01,-1.169274368905216521e+00,-3.432472248902885825e-01
7.319411378764252296e-01,-1.285214551501148827e+00,-3.049511783648500840e-01
5.981310140754723115e-01,-1.387236727520796409e+00,-2.629991092267377484e-01
4.548664457290478857e-01,-1.473962536379266774e+00,-2.173919777957894761e-01
3.037647976920567761e-01,-1.543888975846733347e+00,-1.684850197540700700e-01
1.465941237458079360e-01,-1.595441672012331447e+00,-1.170779642766223427e-01
-1.472760476570722510e-02,-1.627063021254533171e+00,-6.428213400179064174e-02
-1.781408936163495493e-01,-1.637321336703337460e+00,-1.122608098392877118e-02
-3.414614658717962659e-01,-1.625028712875406400e+00,4.123872920035406842e-02
-5.024059898473256514e-01,-1.589358331605213559e+00,9.266661906286341455e-02
-6.586276895030136469e-01,-1.529952285650639121e+00,1.429149687953764347e-01
-8.077626249028651007e-01,-1.447008663249741867e+00,1.918852881692697243e-01
-9.474862364448741747e-01,-1.341335448192623625e+00,2.392740334773247601e-01
-1.075577361018892342e+00,-1.214362100848562998e+00,2.844818111089136847e-01
-1.189984244720860618e+00,-1.068106468228423589e+00,3.267198058555135232e-01
-1.288885564411409446e+00,-9.051004240728489636e-01,3.652271749981349513e-01
-1.370740071665563997e+00,-7.282795108253506955e-01,3.994562012207393265e-01
-1.434320771359925972e+00,-5.408422655483883235e-01,4.291218279708840511e-01
-1.478732142698740981e+00,-3.460887079866045712e-01,4.541071829342467892e-01
-1.503410706151302678e+00,-1.472551345484733321e-01,4.742998348447667878e-01
-1.508110263582815636e+00,5.263216352067508208e-02,4.894660641673550527e-01
-1.492874089883771349e+00,2.508646827552796776e-01,4.992483222088947015e-01
-1.457997613840580131e+00,4.451119688351122261e-01,5.033033067812294759e-01
-1.403986417191326774e+00,6.334356402009556630e-01,5.015076686774574410e-01
-1.331515195424720632e+00,8.142621124552603673e-01,4.940948065909748221e-01
-1.241393346004020737e+00,9.863169487393913526e-01,4.816026417846427377e-01
-1.134541971661785498e+00,1.148522436236463440e+00,4.646163272030773284e-01
-1.011985299440564257e+00,1.299864645827179421e+00,4.434263540349644428e-01
-8.748569605207860977e-01,1.439246908988516038e+00,4.178085423137670729e-01
-7.244186735933155763e-01,1.565358275576826719e+00,3.871074945596956196e-01
-5.620863460637777198e-01,1.676590490012436208e+00,3.506607959076956105e-01
-3.894572540272156491e-01,1.771028960822898624e+00,3.083914005196558561e-01
-2.083322400775735606e-01,1.846521947777905348e+00,2.612333622354964247e-01
-2.072852846787065495e-02,1.900807338690846615e+00,2.110720473769579220e-01
1.711190863104341542e-01,1.931663441678535209e+00,1.601251907171662159e-01
3.647693083648639867e-01,1.937058448479460848e+00,1.100498527340246502e-01
5.575979146884859627e-01,1.915295259302632891e+00,6.128950491431592318e-02
7.468349192318390894e-01,1.865164068194101743e+00,1.308331484020172630e-02
9.296175220352320689e-01,1.786108773575300068e+00,-3.582776862239103743e-02
1.103060742876616152e+00,1.678388280509322206e+00,-8.620469488978446670e-02
1.264344591591467948e+00,1.543190500019978151e+00,-1.376338044895436818e-01
1.410811283918303793e+00,1.382655538752270763e+00,-1.885967474459679105e-01
1.540061025891581226e+00,1.199788361500246259e+00,-2.372344177011501964e-01
1.650033485913571019e+00,9.982745915297160932e-01,-2.822815816742308970e-01
1.739065378901204273e+00,7.822363835915221442e-01,-3.235348815203603623e-01
1.805920504774643165e+00,5.559703760712703113e-01,-3.615716034836050641e-01
1.849793680535884333e+00,3.237019989004553122e-01,-3.969752103595541870e-01
1.870292450130271344e+00,8.937855304627347064e-02,-4.296112945474251932e-01
1.867400833979627084e+00,-1.434880557903161491e-01,-4.583805891752678052e-01
1.841429186046324773e+00,-3.719274606856972087e-01,-4.815503940884130474e-01
1.792954418977556585e+00,-5.935690833553427526e-01,-4.974756550745854655e-01
1.722755698674381275e+00,-8.066535176246106831e-01,-5.053599847917357168e-01
1.631752052930982133e+00,-1.009991141006656656e+00,-5.056856545077482723e-01
1.520949592742864231e+00,-1.202857266438270623e+00,-5.000678198058398083e-01
1.391406212836341805e+00,-1.384817200022015138e+00,-4.905365442832848588e-01
1.244219870551154461e+00,-1.555489292948625257e+00,-4.785291732422126687e-01
1.080542738269754777e+00,-1.714276304904619908e+00,-4.640653799051054351e-01
9.016184591847992147e-01,-1.860118264579112557e+00,-4.455804648157456471e-01
7.088348503452293059e-01,-1.991332115831383698e+00,-4.206553444501582861e-01
5.037814034204171065e-01,-2.105590327432999231e+00,-3.874283504646928167e-01
2.883010053534320605e-01,-2.200046030408051578e+00,-3.459832830843697637e-01
6.452813128787293628e-02,-2.271553683180253635e+00,-2.988185749757877874e-01
-1.650903925064470812e-01,-2.316901753520336449e+00,-2.498951182303105478e-01
-3.977930563389635576e-01,-2.332999276373669773e+00,-2.026318387406977062e-01
-6.305199742811089525e-01,-2.317029378884374324e+00,-1.580192412181179729e-01
-8.599495815514062169e-01,-2.266643438319912107e+00,-1.141286814710557318e-01
-1.082560451364757759e+00,-2.180261397765807629e+00,-6.751214595216939451e-02
-1.294725013710124495e+00,-2.057459754590620804e+00,-1.574374624982968762e-02
-1.492839664842046554e+00,-1.899327415729393786e+00,4.054002091248318229e-02
-1.673486267096438107e+00,-1.708632127813356272e+00,9.760310008438008444e-02
-1.833604384221352968e+00,-1.489701245362326398e+00,1.507971557536887663e-01
-1.970640296243100886e+00,-1.248037756522807351e+00,1.974991564042721526e-01
-2.082640600781958895e+00,-9.897862213132261333e-01,2.385832405505066978e-01
-2.168278354291308219e+00,-7.211858425020257757e-01,2.773432287407285868e-01
-2.226824207323106819e+00,-4.481096519205946538e-01,3.168848848212019176e-01
-2.258085830416066919e+00,-1.757316530189589332e-01,3.579963331215293421e-01
-2.262333066409940585e+00,9.167549093001332861e-02,3.986653400401206637e-01
-2.240215292629733845e+00,3.508235882825959107e-01,4.350507833850895123e-01
-2.192672303285260860e+00,5.993920838699223763e-01,4.631103164244149140e-01
-2.120841619551061541e+00,8.359430854727046833e-01,4.801851545314502756e-01
-2.025968758786326873e+00,1.059802530218430183e+00,4.860492923594631476e-01
-1.909329246483598697e+00,1.270921623609941653e+00,4.830648401077678455e-01
-1.772171404724896648e+00,1.469703821306161506e+00,4.753150340835173848e-01
-1.615687404611619415e+00,1.656769701577642584e+00,4.669598075574111773e-01
-1.441016894976004048e+00,1.832646610870209747e+00,4.604131989929197699e-01
-1.249283032571846919e+00,1.997407383336958331e+00,4.551088645502571195e-01
-1.041655548184747149e+00,2.150328986262667996e+00,4.475260277812890264e-01
-8.194308450271992061e-01,2.289674169609373422e+00,4.327448707360400659e-01
-5.841170897515948202e-01,2.412684519673911065e+00,4.070666957212151216e-01
-3.375140939452638822e-01,2.515793407085852529e+00,3.703996120108737911e-01
-8.178173939131139214e-02,2.594956362870449951e+00,3.268018034619534218e-01
1.805069577857947305e-01,2.645940854039244172e+00,2.823859008572665585e-01
4.463330045829441151e-01,2.664485505563176204e+00,2.414949394631483448e-01
7.122265354420089789e-01,2.646400982019826209e+00,2.035125173253654329e-01
9.743004223234954519e-01,2.587814626822472874e+00,1.626867272686077504e-01
1.228333853068028558e+00,2.485727646371882926e+00,1.116653631030598282e-01
1.469913908109059975e+00,2.338840032379620126e+00,4.694304401889479172e-02
1.694634689801109761e+00,2.148346663965066128e+00,-2.731571418587211419e-02
1.898341544147192916e+00,1.918317927384327382e+00,-1.002175158990371850e-01
2.077391921244783557e+00,1.655428935698468385e+00,-1.601410717399832928e-01
2.228885068300964001e+00,1.368089927327243549e+00,-2.020778084800031460e-01
2.350803859885750580e+00,1.065283923688125745e+00,-2.306023173843857743e-01
2.442033374598932660e+00,7.555091641969812200e-01,-2.559506900422593434e-01
2.502267770167776018e+00,4.461020085097596177e-01,-2.868336822219365034e-01
2.531856299837591529e+00,1.429606934717300715e-01,-3.257856362657075566e-01
2.531643337160548235e+00,-1.494889518899659708e-01,-3.692205279954531294e-01
2.502830782594576142e+00,-4.282274526899831346e-01,-4.103225821422756825e-01
2.446861879652509231e+00,-6.915139125095032258e-01,-4.422517324539302352e-01
2.365314806024572114e+00,-9.386978708098167035e-01,-4.605137781361509086e-01
2.259801614402448422e+00,-1.169998098859388103e+00,-4.642978500556128596e-01
2.131879348819252229e+00,-1.386282604285574260e+00,-4.566763797480152265e-01
1.982985413837951016e+00,-1.588850329228773228e+00,-4.435574888963077500e-01
1.814407468063113926e+00,-1.779180123643142375e+00,-4.315844686808435471e-01
1.629086708123945293e+00,-1.927491626172495254e+00,3.520167780475955133e-02
1.429787399022508509e+00,-2.054309392046031135e+00,1.133175066354777660e-01
1.218666869862995661e+00,-2.162982854516403819e+00,1.458583060177172930e-01
9.975368895742215969e-01,-2.254272683549995548e+00,1.859747825280660682e-01
7.681838743956808102e-01,-2.327427615587666310e+00,2.329015490535251975e-01
5.325194267428363659e-01,-2.380766594366884981e+00,2.808378459586674536e-01
2.926537573775631618e-01,-2.412018725541839714e+00,3.259173818266302147e-01
5.093088903310527549e-02,-2.418588114297495650e+00,3.660265762163373848e-01
-1.900596927248858758e-01,-2.397841033664770194e+00,4.002730657002143699e-01
-4.274930760527821949e-01,-2.347448337422404663e+00,4.287002424974656334e-01
-6.583456125230748857e-01,-2.265755399715747131e+00,4.519474069459076260e-01
-8.794645679710602071e-01,-2.152114082392150962e+00,4.707464661206824941e-01
-1.087672917139870465e+00,-2.007112788338366371e+00,4.854058767798318241e-01
-1.279903251902421824e+00,-1.832674658730527151e+00,4.955348434319358786e-01
-1.453345228411800472e+00,-1.632030278891486441e+00,5.001782466134397920e-01
-1.605584089622371424e+00,-1.409578171146185221e+00,4.983227377668367764e-01
-1.734707852155314756e+00,-1.170623378430994288e+00,4.895107326466455744e-01
-1.839368767906809810e+00,-9.209764089068760429e-01,4.741935726301943488e-01
-1.918796020923826839e+00,-6.664468492359444385e-01,4.535708059458255503e-01
-1.972765376295986472e+00,-4.123493001365778343e-01,4.289807780613824617e-01
-2.001536339202265147e+00,-1.631628737892773517e-01,4.012223743336374993e-01
-2.005769926287854332e+00,7.759049437372829428e-02,3.702452992957273592e-01
-1.986440299068591431e+00,3.072924607887460025e-01,3.353908875347667573e-01
-1.944750515960669945e+00,5.240955163736752409e-01,2.959957717641640285e-01
-1.882058219296151913e+00,7.267853621515100171e-01,2.519624605245763815e-01
-1.799813927576137340e+00,9.146611250130084469e-01,2.039779747608701788e-01
-1.699513503912914780e+00,1.087420666289497850e+00,1.533186114476120243e-01
-1.582666083278738478e+00,1.245032658532330805e+00,1.014106292456017078e-01
-1.450778040430165783e+00,1.387590213729989364e+00,4.939817100587159948e-02
-1.305352291419688671e+00,1.515156772797962459e+00,-2.090181999325896323e-03
-1.147900792576483697e+00,1.627624585400580193e+00,-5.290968882369387338e-02
-9.799669111138513689e-01,1.724607359198867984e+00,-1.031562946251344537e-01
-8.031535179319428952e-01,1.805383106351047706e+00,-1.528436113114227946e-01
-6.191522640133844124e-01,1.868894019972733744e+00,-2.016519795866546227e-01
-4.297696597171769550e-01,1.913801340269642770e+00,-2.488617193331112143e-01
-2.369462526954484449e-01,1.938587856958944533e+00,-2.934941393268292176e-01
-4.276602474047508373e-02,1.941699188867067383e+00,-3.345811557787224944e-01
1.505464237607603284e-01,1.921714098385061353e+00,-3.714201187798372716e-01
3.406433877552001999e-01,1.877530291011502817e+00,-4.036851069872123832e-01
5.250886794725306839e-01,1.808545710545400587e+00,-4.313528412672896772e-01
7.014105121040097313e-01,1.714811009978937539e+00,-4.545055161264556221e-01
8.671708344287929471e-01,1.597131363966214357e+00,-4.731312697601267603e-01
1.020045376170295226e+00,1.457104486208105731e+00,-4.870290441640917622e-01
1.157905568603718738e+00,1.297090692883425822e+00,-4.958567187509973495e-01
1.278892855573456444e+00,1.120115287396801440e+00,-4.992793487503482952e-01
1.381477823128307136e+00,9.297062800371874713e-01,-4.971166223830848496e-01
1.464499622793202560e+00,7.296797439376357941e-01,-4.893872598582095224e-01
1.527183821285567955e+00,5.239027625415441092e-01,-4.762174298239304493e-01
1.569138848548075060e+00,3.160775915826439797e-01,-4.576880430279334222e-01
1.590333312450566972e+00,1.095842758533541322e-01,-4.337596778396860531e-01
1.591058664866014993e+00,-9.260739969331070742e-02,-4.043660698963523759e-01
1.571883117078186842e+00,-2.879724899141857253e-01,-3.696327503688979776e-01
1.533602633394419490e+00,-4.744355258012939447e-01,-3.300666787251503864e-01
1.477193716511381982e+00,-6.503568684382959875e-01,-2.865704980954620895e-01
1.403771463891544613e+00,-8.144968566345555105e-01,-2.402534087316371691e-01
1.314555445302264314e+00,-9.659491265893010992e-01,-1.921425383118321728e-01
1.210845128693505801e+00,-1.104042530845799286e+00,-1.429504609299431517e-01
1.094005571897676443e+00,-1.228223775885548763e+00,-9.300817623666293721e-02
9.654628825019664351e-01,-1.337941488799483603e+00,-4.237730773686113062e-02
8.267077400771349893e-01,-1.432553205316290823e+00,8.929028402948485654e-03
6.793043208599727212e-01,-1.511270915176947449e+00,6.072588382472585145e-02
5.249014291960929501e-01,-1.573151846053251868e+00,1.125329923942313959e-01
3.652425759837585328e-01,-1.617132867912728367e+00,1.635925385551456335e-01
2.021720787081189297e-01,-1.642101671599834889e+00,2.130057784905926288e-01
3.763478663720021267e-02,-1.646995781247186708e+00,2.599142404492437164e-01
-1.263324866611268416e-01,-1.630919527699220994e+00,3.036384025957045152e-01
-2.876194083376557575e-01,-1.593267310009285120e+00,3.437181514573833807e-01
-4.440716496716590189e-01,-1.533838880477239153e+00,3.798561553585056982e-01
-5.935318521216637055e-01,-1.452931327832434727e+00,4.118146581785947502e-01
-7.338908248844668858e-01,-1.351395152183544335e+00,4.393313647486490892e-01
-8.631456205653400549e-01,-1.230647902051512199e+00,4.620968800367631912e-01
-9.794591375135046629e-01,-1.092645103936492612e+00,4.797936675231636583e-01
-1.081214959083365956e+00,-9.398116934509720410e-01,4.921620195516663854e-01
-1.167061782112069901e+00,-7.749383354902993348e-01,4.990490280651255217e-01
-1.235943733906753161e+00,-6.010494905827049594e-01,5.004113949502152492e-01
-1.287115260153698815e+00,-4.212560534317672523e-01,4.962714447660329098e-01
-1.320141270014259627e+00,-2.386117859294751287e-01,4.866559939755558117e-01
-1.334884544447119348e+00,-5.599339896301473718e-02,4.715657564091014775e-01
-1.331483166038826882e+00,1.239834984182886651e-01,4.510123602242072094e-01
-1.310321117661728652e+00,2.990115730377665426e-01,4.251168295138069153e-01
-1.271995353620134717e+00,4.671082740078949525e-01,3.942118394040602380e-01
-1.217282631373510116e+00,6.266078839260059707e-01,3.588714917616567801e-01
-1.147109182857743770e+00,7.761314308922065974e-01,3.198286797541908255e-01
-1.062525798744837546e+00,9.145346975936970990e-01,2.778100477912442967e-01
-9.646900212994540258e-01,1.040837196447552904e+00,2.333736134825155906e-01
-8.548559699347271224e-01,1.154140849622447673e+00,1.868375918412280290e-01
-7.343710851946279039e-01,1.253552450507477323e+00,1.383405249226637712e-01
-6.046780276754175620e-01,1.338125574589723810e+00,8.800275183719005745e-02
-4.673192822633069898e-01,1.406834401739973428e+00,3.610610891956408941e-02
-3.239417514144171673e-01,1.458585191331564834e+00,-1.680045918558295548e-02
-1.762987265998543496e-01,1.492263672740415936e+00,-6.992226721148245283e-02
-2.624697687639510058e-02,1.506811042359790465e+00,-1.223521016084642421e-01
1.242628775691410059e-01,1.501318620851477048e+00,-1.732406014497513136e-01
2.732041422014710452e-01,1.475130554131814931e+00,-2.219129217115806407e-01
4.185009897627101072e-01,1.427943589803876590e+00,-2.678781265065924844e-01
5.580648987002645445e-01,1.359892396167264428e+00,-3.107452923799317590e-01
6.898397376109508539e-01,1.271609140015241612e+00,-3.501153406189888573e-01
8.118530157715251327e-01,1.164248325891571900e+00,-3.855263916688890236e-01
9.222692262334251101e-01,1.039472077966202113e+00,-4.164896678752124659e-01
1.019440329808298573e+00,8.993957072934363195e-01,-4.425904105873402772e-01
1.101948669553799220e+00,7.464975678917439295e-01,-4.635839383533958413e-01
1.168638799193993272e+00,5.835013742526625746e-01,-4.794183406330648767e-01
1.218636305570865330e+00,4.132440253042853340e-01,-4.901614042038185959e-01
1.251353243650411340e+00,2.385461280457066846e-01,-4.958721035793881571e-01
1.266481152454535408e+00,6.210244820809925070e-02,-4.964974979146506984e-01
1.263973799515309082e+00,-1.135964072033851940e-01,-4.918666434689075162e-01
1.244022717689585722e+00,-2.863089601341288204e-01,-4.817955505185099740e-01
1.207029078273708533e+00,-4.540592429751521553e-01,-4.662447000955342036e-01
1.153575436891628669e+00,-6.151304054297029866e-01,-4.454305051773889135e-01
1.084400502198571870e+00,-7.680381748834187450e-01,-4.198137427165181679e-01
1.000379422480646596e+00,-9.114841661218725521e-01,-3.899605401912299429e-01
9.025111728138421885e-01,-1.044290623180023525e+00,-3.563503131803901214e-01
7.919134504144820230e-01,-1.165323855430887123e+00,-3.192418663730026696e-01
6.698241628725278840e-01,-1.273420094215240939e+00,-2.786815939323236124e-01
5.376073840399662185e-01,-1.367330714963010729e+00,-2.346605704840857565e-01
3.967608601678234148e-01,-1.445701331233966380e+00,-1.873412584531780889e-01
2.489219744497412901e-01,-1.507091677960119336e+00,-1.372274063908821840e-01
9.586950830770990528e-02,-1.550033761906423502e+00,-8.517369341901318003e-02
-6.048067129347178827e-02,-1.573118718797389848e+00,-3.221870846213650830e-02
-2.180871014945175990e-01,-1.575100516613341606e+00,2.067153316419276243e-02
-3.748020846047912524e-01,-1.555005847068286373e+00,7.280676322772702824e-02
-5.283996243667072878e-01,-1.512240864082406100e+00,1.238108017527846660e-01
-6.766127171591380662e-01,-1.446684793714082540e+00,1.734842486007533713e-01
-8.171802986914877831e-01,-1.358759158043213455e+00,2.215863283771522807e-01
-9.479026691049126097e-01,-1.249462471758841398e+00,2.676733069316225011e-01
-1.066701973175904206e+00,-1.120364936618235996e+00,3.110856495438082403e-01
-1.171682274852493544e+00,-9.735634893673205115e-01,3.510771858459901251e-01
-1.261183065778215040e+00,-8.116010792614504199e-01,3.869949172305336971e-01
-1.333821082469508257e+00,-6.373548165988848213e-01,4.184000990840058831e-01
-1.388517406999669079e+00,-4.538990617450162079e-01,4.450708359755236598e-01
-1.424508887473777685e+00,-2.643546389975172661e-01,4.669015394867511715e-01
-1.441344361608933200e+00,-7.174207253052437838e-02,4.837703499602622470e-01
-1.438867223092359149e+00,1.211409827432986114e-01,4.954607122521207385e-01
-1.417186978405807318e+00,3.118035030534061502e-01,5.016941654476835266e-01
-1.376643651104809907e+00,4.981013659492690704e-01,5.022653454986095722e-01
-1.317769864712467376e+00,6.782368155260324327e-01,4.971960265929976641e-01
-1.241255825844775673e+00,8.507212327733170154e-01,4.867920301249125670e-01
-1.147922065578307782e+00,1.014303661914700561e+00,4.715303248008478887e-01
-1.038703627943470709e+00,1.167868352344118454e+00,4.518086990377082612e-01
-9.146474569618237016e-01,1.310310863090112354e+00,4.276955122029261203e-01
-7.769222528045613974e-01,1.440412234823910564e+00,3.988538340711212937e-01
-6.268375429273211896e-01,1.556738828843360123e+00,3.647471650941253030e-01
-4.658668424244638562e-01,1.657595238635922508e+00,3.250796631228166644e-01
-2.956691696782762779e-01,1.741045728569585060e+00,2.802544038052471320e-01
-1.181039924853630740e-01,1.804999345670413424e+00,2.315573259983157717e-01
6.476356631291557697e-02,1.847335900216122040e+00,1.808784984594698775e-01
2.506686140241389804e-01,1.866045935743879225e+00,1.300466863087795522e-01
4.371637594461981191e-01,1.859369668450279844e+00,8.012339710109891988e-02
6.216481605304824409e-01,1.825936392607036884e+00,3.108011684465314395e-02
8.014096310479590368e-01,1.764911060445312208e+00,-1.791783159747697973e-02
9.736816209052479021e-01,1.676142365456881000e+00,-6.776480002616583342e-02
1.135715615359132791e+00,1.560286382587523724e+00,-1.186478316313898385e-01
1.284865875975558902e+00,1.418869244220882342e+00,-1.697288902862982563e-01
1.418678764187726760e+00,1.254261823063071324e+00,-2.194683915535950158e-01
1.534975829198491848e+00,1.069563629074359090e+00,-2.663636168733677367e-01
1.631920493625962809e+00,8.684167354040449593e-01,-3.095991519423516580e-01
1.708062155445571717e+00,6.547818771515813152e-01,-3.491853886525230211e-01
1.762356291838462985e+00,4.327078757361365047e-01,-3.855398261954380290e-01
1.794162310623840906e+00,2.061190060107661037e-01,-4.188382611234874320e-01
1.803222043905745586e+00,-2.136256400919671339e-02,-4.485620956369490431e-01
1.789622045266695105e+00,-2.465499602141589253e-01,-4.734961993059602081e-01
1.753743326381449474e+00,-4.667781675561306076e-01,-4.921676073385984340e-01
1.696203162378579599e+00,-6.799445440277073205e-01,-5.035019343989165508e-01
1.617794921300776956e+00,-8.845006537638032684e-01,-5.073687491530921578e-01
1.519433133000651193e+00,-1.079387363138845979e+00,-5.047183570622638671e-01
1.402111551505342169e+00,-1.263904719670705612e+00,-4.971850238450105097e-01
1.266881014396573857e+00,-1.437517467494860535e+00,-4.862875549354345184e-01
1.114851063217284111e+00,-1.599615380712578139e+00,-4.725869737607030219e-01
9.472148913424303096e-01,-1.749269584910895903e+00,-4.552530120903856004e-01
7.652922991064590175e-01,-1.885042592281102047e+00,-4.323737937363364425e-01
5.705815168843453300e-01,-2.004908442343316999e+00,-4.020051036925141874e-01
3.648094558740313520e-01,-2.106310335946806944e+00,-3.634995172505856020e-01
1.499715842934705723e-01,-2.186332542885843111e+00,-3.183382092547520914e-01
-7.164388096133600392e-02,-2.241919955837817113e+00,-2.698116522349255364e-01
-2.974493249982546050e-01,-2.270077385714078133e+00,-2.215309202061749583e-01
-5.245686189485800899e-01,-2.268029392572495695e+00,-1.755557306940406515e-01
-7.498659336000887965e-01,-2.233384548385460633e+00,-1.313219108533420221e-01
-9.699952549620463049e-01,-2.164369956141477758e+00,-8.617145841601572820e-02
-1.181476076478746196e+00,-2.060154178661873559e+00,-3.729141027254914698e-02
-1.380800778171155097e+00,-1.921188143366446832e+00,1.612568494005980901e-02
-1.564573400054033003e+00,-1.749432329272428754e+00,7.198007494204258783e-02
-1.729667162269552305e+00,-1.548356834960591621e+00,1.263690559842086392e-01
-1.873374292486887027e+00,-1.322689439769702213e+00,1.760219967170354172e-01
-1.993517135876002433e+00,-1.077983606769391978e+00,2.202852879723547763e-01
-2.088501339529994283e+00,-8.201245748101496646e-01,2.611563248063600851e-01
-2.157313507655409524e+00,-5.548758367893197319e-01,3.014656196800825638e-01
-2.199481040324537950e+00,-2.875209800218831435e-01,3.427122183546867928e-01
-2.215012082504871138e+00,-2.261510021648953372e-02,3.839870262623276131e-01
-2.204324558229719955e+00,2.361574538955880098e-01,4.223228753718711870e-01
-2.168166329734331654e+00,4.860277502390369375e-01,4.539558372100981343e-01
-2.107528260063565639e+00,7.251079540940866819e-01,4.758239838818195677e-01
-2.023555474327551451e+00,9.523056469970220261e-01,4.867754870428865344e-01
-1.917465245327593104e+00,1.167206617003141877e+00,4.880815611466385873e-01
-1.790481034282273898e+00,1.369923041558486210e+00,4.830130024595530314e-01
-1.643791329303011084e+00,1.560886187149040927e+00,4.755505355014361113e-01
-1.478539287649852207e+00,1.740566899592781658e+00,4.686700352211187193e-01
-1.295845063852700152e+00,1.909135094867282723e+00,4.628952454139704242e-01
-1.096857565156549308e+00,2.066111682070070898e+00,4.558297232792182241e-01
-8.828272030721990848e-01,2.210104226135610084e+00,4.431098433868382314e-01
-6.551878557219137367e-01,2.338722128853072846e+00,4.206213008072506865e-01
-4.156365686313121532e-01,2.448712240168993581e+00,3.870071372636399998e-01
-1.662030489283889967e-01,2.536253533137503346e+00,3.449442719639880250e-01
9.069550666722325794e-02,2.597268141710360023e+00,3.000312238021710654e-01
3.522180615989307650e-01,2.627625936730303646e+00,2.575343067300791544e-01
6.150876045479833909e-01,2.623250734251378447e+00,2.188476015917756035e-01
8.756117100776490414e-01,2.580285515297622290e+00,1.801045680745428645e-01
1.129746200939084622e+00,2.495507353861825095e+00,1.343166804892586830e-01
1.373211240625054286e+00,2.367035969647092841e+00,7.618478325459218659e-02
1.601663277095946025e+00,2.195135460521912663e+00,6.669567542405413496e-03
1.810915909275555791e+00,1.982751406298332020e+00,-6.602744894536019538e-02
1.997188415024263586e+00,1.735486018442687017e+00,-1.305278394086190341e-01
2.157342369294658724e+00,1.460955785960359909e+00,-1.792447216811484945e-01
2.289053113340043133e+00,1.167746271800934599e+00,-2.131818795842380931e-01
2.390872374601622496e+00,8.643320875418732951e-01,-2.405821859445797239e-01
2.462176377875961997e+00,5.582865828148068088e-01,-2.707470364477347902e-01
2.503036539730537857e+00,2.558911388370555540e-01,-3.083304336395730205e-01
2.514066475188676542e+00,-3.796449149316509508e-02,-3.517589540200179998e-01
2.496282698002686651e+00,-3.197511716808191795e-01,-3.952217164523307291e-01
2.450987179772663005e+00,-5.872118335451138593e-01,-4.317942067574566112e-01
2.379662369066140037e+00,-8.392180804780232650e-01,-4.560709926330562825e-01
2.283870748264130057e+00,-1.075581065732004626e+00,-4.658530214269563929e-01
2.165161750637397908e+00,-1.296846123932740236e+00,-4.627815502514397439e-01
2.024996880882002692e+00,-1.504084188720627546e+00,-4.517780594413639550e-01
1.864704802511810255e+00,-1.698658533867242193e+00,-4.393353109688337144e-01
1.685473916206435829e+00,-1.881931097718977819e+00,-4.311099547963169742e-01
1.488383934740862280e+00,-2.054893434165512289e+00,-4.296138038433073847e-01
1.274472231822516566e+00,-2.217756550218469513e+00,-4.329245585110658157e-01
1.044825980898476336e+00,-2.369592590951473454e+00,-4.351768042243168155e-01
8.006879764060572668e-01,-2.508154693407879776e+00,-4.290410235757536883e-01
5.435638264706084133e-01,-2.629965436557865743e+00,-4.093964824392389845e-01
2.753210173230746793e-01,-2.730647326764223060e+00,-3.763339464242437815e-01
-1.726513438234711373e-03,-2.805335017977757417e+00,-3.353874203653762764e-01
-2.847542643122031869e-01,-2.848973699511359037e+00,-2.941831451839621581e-01
-5.703919177475194058e-01,-2.856437476231485029e+00,-2.570675855134868515e-01
-8.547281731016054263e-01,-2.822629482638879139e+00,-2.211748360459796781e-01
-1.133367048397120103e+00,-2.742866700055952123e+00,-1.771947286539489463e-01
-1.401542956024779629e+00,-2.613733202313708759e+00,-1.153976415699890234e-01
-1.654297887807947509e+00,-2.434230907777875430e+00,-3.366302678557989148e-02
-1.886726707436676032e+00,-2.206736492690227536e+00,5.812646507494431680e-02
-2.094294007024735116e+00,-1.937266720968383149e+00,1.417570954870467081e-01
-2.272308464637964320e+00,-1.614435704958731899e+00,4.617552898057323274e-01
-2.416812159457999876e+00,-1.271253442136816014e+00,4.741065313450104624e-01
-2.526493254187869297e+00,-9.219548985754092429e-01,4.521998939494221714e-01
-2.601430229527402105e+00,-5.783810057815249595e-01,4.281714639448165327e-01
-2.642677970659847553e+00,-2.491793106605816877e-01,4.028002897239087998e-01
-2.651948498512306962e+00,6.033924680682097030e-02,3.761405307066166825e-01
-2.631337059754392804e+00,3.476628906204498048e-01,3.478747546006627500e-01
-2.583107207113936710e+00,6.122253517263959166e-01,3.162709786919702948e-01
-2.509540910263847735e+00,8.545930634842856533e-01,2.789639046871695838e-01
-2.412842676126525809e+00,1.075879624624610065e+00,2.344755705317521366e-01
-2.295083311319632280e+00,1.277406827349895968e+00,1.832053623106685014e-01
-2.158174145149803991e+00,1.460533302960085100e+00,1.273339926814525958e-01
-2.003866940844085676e+00,1.626551273021394683e+00,6.986841999683232607e-02
-1.833775626850170370e+00,1.776582663816266061e+00,1.345500205455149589e-02
-1.649415110025378661e+00,1.911452005065143345e+00,-4.045434860974697622e-02
-1.452251752915441729e+00,2.031550326023014108e+00,-9.178515435219938845e-02
-1.243760086865763670e+00,2.136721816943729202e+00,-1.413935438257186983e-01
-1.025480550822307046e+00,2.226203083825025519e+00,-1.902507790427324930e-01
-7.990733509368055376e-01,2.298629298484832439e+00,-2.386480122654478786e-01
-5.663644302522581331e-01,2.352103809537315460e+00,-2.858000393199954248e-01
-3.293812532956954531e-01,2.384320417159957906e+00,-3.300489145197441632e-01
-9.037761617590578389e-02,2.392734434252369979e+00,-3.695589042182422235e-01
1.481538340904122730e-01,2.374788868715441481e+00,-4.031110806524492718e-01
3.834859166240025541e-01,2.328198224478738254e+00,-4.305442384903549469e-01
6.126864920572401285e-01,2.251269307520516350e+00,-4.526075560802410580e-01
8.326821917795250716e-01,2.143211293268819873e+00,-4.703425175188168383e-01
1.040359321080439825e+00,2.004378578425601631e+00,-4.843670503637450553e-01
1.232694068512889540e+00,1.836406639757070414e+00,-4.944612902492099282e-01
1.406893982111335983e+00,1.642226435468207901e+00,-4.996765958055792156e-01
1.560529274676022649e+00,1.425952514503743052e+00,-4.989096699295859638e-01
1.691637027732658227e+00,1.192632239226659285e+00,-4.916084246277857561e-01
1.798788885320910858e+00,9.478512465401304210e-01,-4.781468652378829676e-01
1.881117857389932091e+00,6.972437466707804843e-01,-4.595846319054263107e-01
1.938302737979394674e+00,4.460254707986999745e-01,-4.369765714642933618e-01
1.970513992840752904e+00,1.986756173895328215e-01,-4.107565406255534457e-01
1.978333161811672181e+00,-4.118422237570677769e-02,-3.806386038795440685e-01
1.962662790285003345e+00,-2.707640454926762419e-01,-3.460448854902199445e-01
1.924641272570666084e+00,-4.880190011278122131e-01,-3.066933386265989769e-01
1.865569785788032231e+00,-6.915571746223926342e-01,-2.629436274559725506e-01
1.786852776458939918e+00,-8.805465397983579523e-01,-2.157454969932902922e-01
1.689951772986203249e+00,-1.054602655770185970e+00,-1.663075748902375361e-01
1.576352949717424679e+00,-1.213646148873946951e+00,-1.157188482515653372e-01
1.447549302172886909e+00,-1.357737935584254929e+00,-6.470655624953738916e-02
1.305037481143271449e+00,-1.486913442966440124e+00,-1.360195902228614195e-02
1.150327732470674214e+00,-1.601039811886822983e+00,3.751283047956630035e-02
9.849638328118586195e-01,-1.699714842667507719e+00,8.856521911609402387e-02
8.105488930605952991e-01,-1.782217447002672595e+00,1.392715613078177872e-01
6.287725485123416558e-01,-1.847510429406020060e+00,1.890311844520578821e-01
4.414353341741117376e-01,-1.894290804820219387e+00,2.369775132517684957e-01
2.504667803595326259e-01,-1.921081915419970310e+00,2.821572932056594096e-01
5.793456805797991827e-02,-1.926363090340336592e+00,3.237499318822710803e-01
-1.339574933163445447e-01,-1.908731639472178054e+00,3.612225021805482994e-01
-3.228849679124621286e-01,-1.867085407912222772e+00,3.943526445241926082e-01
-5.064341441290574064e-01,-1.800804349431155638e+00,4.231220365418860707e-01
-6.821508200389991838e-01,-1.709903624389362387e+00,4.475472665440162201e-01
-8.476058477703289906e-01,-1.595134303453289215e+00,4.675381599896110130e-01
-1.000473181216572582e+00,-1.458019594014354547e+00,4.828481116765271919e-01
-1.138612430434247758e+00,-1.300826618209290908e+00,4.931273562461581106e-01
-1.260145774116981920e+00,-1.126478590721303741e+00,4.980398231481854010e-01
-1.363519807169647047e+00,-9.384108750026457502e-01,4.973782593728043322e-01
-1.447546256824533417e+00,-7.403767574160743381e-01,4.911152036663065656e-01
-1.511419774074664213e+00,-5.362221495860667320e-01,4.793587870191043931e-01
-1.554714421590077444e+00,-3.296655213271916796e-01,4.622394755424278356e-01
-1.577362433802313335e+00,-1.241229073882907236e-01,4.398118718675431138e-01
-1.579619690772753993e+00,7.739993167781895889e-02,4.120644458748284888e-01
-1.562022574664446717e+00,2.723527998523421201e-01,3.790608285092770258e-01
-1.525340712799981846e+00,4.586440747844589549e-01,3.411303170956568875e-01
-1.470529787218689544e+00,6.346187156371650984e-01,2.989705114704389599e-01
-1.398688249535679384e+00,7.990159906064721040e-01,2.535729181577818236e-01
-1.311021284612487792e+00,9.509032804588154475e-01,2.059966780700318301e-01
-1.208814469855649110e+00,1.089584254406120278e+00,1.571093881479538046e-01
-1.093418254616916885e+00,1.214488580253675343e+00,1.074277481193373907e-01
-9.662428889518468456e-01,1.325059134566632713e+00,5.712967358473516888e-02
-8.287620781084223953e-01,1.420656455119568617e+00,6.220456968764803696e-03
-6.825226282349639018e-01,1.500497687132184010e+00,-4.523403614176860210e-02
-5.291567580623663947e-01,1.563640128648521310e+00,-9.691765590517778528e-02
-3.703935988878341856e-01,1.609010755926909786e+00,-1.482010892534663393e-01
-2.080666518651101971e-01,1.635475916284763853e+00,-1.982252590431034245e-01
-4.411447741354312946e-02,1.641941337631159348e+00,-2.460792591526274331e-01
1.194275511696722969e-01,1.627471087116620252e+00,-2.909783332234382458e-01
2.804460970090352223e-01,1.591413191909857749e+00,-3.323566207203551004e-01
4.367803783026198428e-01,1.533518243169817330e+00,-3.698447807407535537e-01
5.862643683152677365e-01,1.454036422812700513e+00,-4.031698477528929958e-01
7.267789740486640948e-01,1.353779910260108243e+00,-4.320530975951647479e-01
8.563104122651303829e-01,1.234142016956626398e+00,-4.561711758949346107e-01
9.730093418013907591e-01,1.097069914900483445e+00,-4.751974719017858506e-01
1.075244848786415908e+00,9.449924015274379085e-01,-4.888865956079843089e-01
1.161648297115864370e+00,7.807079297614193392e-01,-4.971369194574367656e-01
1.231143809634824837e+00,6.072432531442365500e-01,-4.999804388384428977e-01
1.282963979426089418e+00,4.276999605664356108e-01,-4.974986050565287643e-01
1.316650955658528632e+00,2.451110169508064485e-01,-4.897188509440343340e-01
1.332044372598165660e+00,6.232681035273464343e-02,-4.765712421231259599e-01
1.329258763507222607e+00,-1.180603668027996739e-01,-4.579539087939866748e-01
1.308653939667175248e+00,-2.937565181405210057e-01,-4.338827701084656541e-01
1.270802105899647483e+00,-4.627795850323332405e-01,-4.046348737314932054e-01
1.216455262884709398e+00,-6.234525985219293576e-01,-3.707863360005393405e-01
1.146515919379383908e+00,-7.743765216450145816e-01,-3.331058990025229649e-01
1.062013431475760328e+00,-9.143806345968467086e-01,-2.923534883204342849e-01
9.640873923388504352e-01,-1.042452169080192670e+00,-2.490910081922851627e-01
8.539784142109495546e-01,-1.157654348766815611e+00,-2.036058377036457367e-01
7.330254963236049193e-01,-1.259048245983212633e+00,-1.559851764616456971e-01
6.026681692181514727e-01,-1.345635350943949371e+00,-1.062999781643700070e-01
4.644509459465002710e-01,-1.416333727649940366e+00,-5.480256853180268117e-02
3.200273967221471949e-01,-1.469992999291923619e+00,-2.038052827910835640e-03
1.711613674305205723e-01,-1.505445436760822320e+00,5.118304428740824696e-02
1.972332582617464247e-02,-1.521584916296171430e+00,1.039297400603328148e-01
-1.323196910729451670e-01,-1.517463231877451024e+00,1.553318508431143774e-01
-2.829217189139086042e-01,-1.492392862494107186e+00,2.047034427777373045e-01
-4.299840757711221872e-01,-1.446045065193473755e+00,2.515552623399298637e-01
-5.713907410384087004e-01,-1.378531845047748172e+00,2.955110637686385600e-01
-7.050525869387038735e-01,-1.290461298659092870e+00,3.361956128240589647e-01
-8.289585662999565674e-01,-1.182959150668045689e+00,3.731690962552914881e-01
-9.412301037868451292e-01,-1.057654129769190599e+00,4.059441229674217722e-01
-1.040173587634336760e+00,-9.166288164677568462e-01,4.340662133668712341e-01
-1.124325706275844938e+00,-7.623394425114576878e-01,4.572020822911707638e-01
-1.192487512218918910e+00,-5.975093067830404836e-01,4.751805996916357300e-01
-1.243744968033674292e+00,-4.250036573542994023e-01,4.879627953339377155e-01
-1.277475600381439813e+00,-2.476992268164137090e-01,4.955593521748608010e-01
-1.293342351964626546e+00,-6.836538051045708275e-02,4.979461178440470759e-01
-1.291276775709673474e+00,1.104281136764589527e-01,4.950341078829251229e-01
-1.271454476841069381e+00,2.863692082278015971e-01,4.867218306907642456e-01
-1.234266201531040830e+00,4.574283432889457157e-01,4.730042560512072169e-01
-1.180288158281914024e+00,6.218546166480168891e-01,4.540668094453604864e-01
-1.110255014146014796e+00,7.781473194315234876e-01,4.302907814271773601e-01
-1.025038499240800371e+00,9.250048358704699991e-01,4.021476935463564883e-01
-9.256336310962798297e-01,1.061253778961937178e+00,3.700344461373984428e-01
-8.131532570426343032e-01,1.185765974426524982e+00,3.341496717366067015e-01
-6.888300933534854398e-01,1.297377136968887568e+00,2.945007830954747829e-01
-5.540240465541252934e-01,1.394824870992827259e+00,2.510622438504225284e-01
-4.102316865051689465e-01,1.476721883198349738e+00,2.040138289783780257e-01
-2.590945129017769855e-01,1.541572673171672347e+00,1.539252751308442801e-01
-1.024030805735638427e-01,1.587831534332708072e+00,1.017645636995208880e-01
5.790515383483607614e-02,1.613991460224107888e+00,4.869804132793728590e-02
2.197556323143909918e-01,1.618691049244191715e+00,-4.223997928449879646e-03
3.809550993731722901e-01,1.600828923316629959e+00,-5.632207901094080094e-02
5.392195473703897957e-01,1.559678071355700579e+00,-1.073331337680080433e-01
6.922126386093994110e-01,1.494992014695380567e+00,-1.572200698163392085e-01
8.375949085628902058e-01,1.407091178888426830e+00,-2.058632680879820820e-01
9.730823718287768820e-01,1.296915472403456837e+00,-2.528250040027631984e-01
1.096510735429228056e+00,1.166031416667443699e+00,-2.973308172043537256e-01
1.205899348840103302e+00,1.016588855217665843e+00,-3.384737520670305644e-01
1.299508411889361614e+00,8.512298122777347542e-01,-3.755066057126202894e-01
1.375884089715798897e+00,6.729579232256756027e-01,-4.080357921362259832e-01
1.433888271918639878e+00,4.849815970655855790e-01,-4.360005441138038451e-01
1.472711719912120909e+00,2.905488688687734578e-01,-4.594620309149998194e-01
1.491870864379957640e+00,9.279484754448381889e-02,-4.783447485960482526e-01
1.491189807582462556e+00,-1.053801062744793987e-01,-4.922985332471415676e-01
1.470770420176923388e+00,-3.013922026054666747e-01,-5.007756799362655942e-01
1.430954659881920499e+00,-4.930162799693109110e-01,-5.032879844421432880e-01
1.372284077048847140e+00,-6.783920407644715711e-01,-4.996940818594782785e-01
1.295461781129516599e+00,-8.559955412031962085e-01,-4.903349498742645141e-01
1.201321906336537459e+00,-1.024573203344125938e+00,-4.759102338168733626e-01
1.090810715671802100e+00,-1.183037398301674203e+00,-4.571337914828578208e-01
9.649817488196211768e-01,-1.330331978835111117e+00,-4.343447631418274613e-01
8.250049056469480613e-01,-1.465289395257639571e+00,-4.073041427584104257e-01
6.721865287343071760e-01,-1.586511403455304725e+00,-3.753382019345227194e-01
5.079952002739243078e-01,-1.692305931124576945e+00,-3.378147473144298418e-01
3.340868971645709617e-01,-1.780699752359190535e+00,-2.947301087129520214e-01
1.523237174665148519e-01,-1.849523738088034053e+00,-2.470641892654487359e-01
-3.521773713460607524e-02,-1.896546230275621747e+00,-1.966363744999359009e-01
-2.262499841390950284e-01,-1.919623803342557666e+00,-1.454689470184621636e-01
-4.182903754480824521e-01,-1.916850813357829475e+00,-9.498599017627387675e-02
-6.086888063615829569e-01,-1.886708044006001339e+00,-4.552092405918020668e-02
-7.946684366851715087e-01,-1.828218295346337507e+00,3.553345473657681941e-03
-9.733817225483540891e-01,-1.741104586120739706e+00,5.314024016650872873e-02
-1.141983634706063677e+00,-1.625924654503547950e+00,1.036085698849217029e-01
-1.297720430356743337e+00,-1.484143610308154004e+00,1.543699541895147964e-01
-1.438026423778342222e+00,-1.318117057756279076e+00,2.040999148436338506e-01
-1.560616077425267312e+00,-1.130982990619351591e+00,2.514129966940384930e-01
-1.663558231558761813e+00,-9.264833004555265150e-01,2.954916452731691789e-01
-1.745324353954994523e+00,-7.087423007761907146e-01,3.362385032650746508e-01
-1.804809910613195401e+00,-4.820250439576787005e-01,3.739080026097195697e-01
-1.841332527010678399e+00,-2.504955308670437364e-01,4.085350887526527641e-01
-1.854610876818849841e+00,-1.799855656796915671e-02,4.395471800206490753e-01
-1.844726660359984338e+00,2.121093850092330979e-01,4.657665081670029350e-01
-1.812071871260684697e+00,4.370632817161242412e-01,4.857899051149797698e-01
-1.757285595422652280e+00,6.547251356301869718e-01,4.985753050779163642e-01
-1.681187314330354399e+00,8.635597962948525774e-01,5.039650309796951388e-01
-1.584715402445652233e+00,1.062557027790988817e+00,5.028599041313225326e-01
-1.468879552377541531e+00,1.251098299519801449e+00,4.968804070707432130e-01
-1.334734255088024790e+00,1.428765639092185458e+00,4.875945564255300679e-01
-1.183377377722947488e+00,1.595101688403092188e+00,4.756443183837671951e-01
-1.015973617027147613e+00,1.749352670362227746e+00,4.602317926527160763e-01
-8.337978565175856449e-01,1.890249494997501278e+00,4.393469061564684308e-01
-6.382895128880428093e-01,2.015891081139451479e+00,4.108046197977895941e-01
-4.311073699817555838e-01,2.123772510775693512e+00,3.736828028380284605e-01
-2.141758485076226126e-01,2.210947958631034105e+00,3.293487913238796194e-01
1.028295202728979341e-02,2.274261628324920181e+00,2.812855596314126627e-01
2.397339294849867297e-01,2.310563229529770446e+00,2.335532578736295439e-01
4.713314230524796589e-01,2.316869993061056121e+00,1.886478812799528837e-01
7.019410743399217001e-01,2.290515055873199479e+00,1.460847380254718109e-01
9.281848815976629918e-01,2.229366707934209657e+00,1.027429671427196600e-01
1.146515289242699742e+00,2.132166950995108223e+00,5.495214726419458962e-02
1.353323354380806309e+00,1.998936433049996131e+00,1.126440999111050223e-03
1.545079979896819777e+00,1.831299020501139685e+00,-5.676656778121472180e-02
1.718498314209489841e+00,1.632567420120782264e+00,-1.140352153321667894e-01
1.870693826890079459e+00,1.407516751990826043e+00,-1.660308129258619980e-01
1.999312963754536376e+00,1.161901887904700947e+00,-2.109799416176133813e-01
2.102607104132166782e+00,9.018687748984389740e-01,-2.507780691829896158e-01
2.179444609187218163e+00,6.334220919079970313e-01,-2.892196325355281816e-01
2.229271431605704734e+00,3.620468670005737022e-01,-3.291784460418131220e-01
2.252040588188159997e+00,9.249060200962928857e-02,-3.707578402833721087e-01
2.248129500376962575e+00,-1.713436903754301244e-01,-4.112498081747776313e-01
2.218255739571089791e+00,-4.264419050712506265e-01,-4.464310245229344831e-01
2.163393368559113128e+00,-6.706801692840295148e-01,-4.723088013464692425e-01
2.084689203040144712e+00,-9.027829899348455145e-01,-4.866365379240394917e-01
1.983381239557360010e+00,-1.122233762213350028e+00,-4.897662597062836243e-01
1.860726531897621383e+00,-1.329131105684519421e+00,-4.845693109911951568e-01
1.717948821659564862e+00,-1.523980758919649015e+00,-4.753862156006621875e-01
1.556215338396743642e+00,-1.707415317479176631e+00,-4.663025165562518781e-01
1.376647926711772385e+00,-1.879851009317040189e+00,-4.593630790206592041e-01
1.180367657636606671e+00,-2.041122857409819247e+00,-4.534884344719404270e-01
9.685659370494161813e-01,-2.190177039469506148e+00,-4.447413226858333291e-01
7.425904455312286601e-01,-2.324917624499477142e+00,-4.281246359666229795e-01
5.040327300511857622e-01,-2.442273258751685105e+00,-4.002905694255193270e-01
2.548064349677605644e-01,-2.538460948432518016e+00,-3.617452139204263561e-01
-2.790871954225115914e-03,-2.609326177924518042e+00,-3.170048290179013906e-01
-2.660364262471570651e-01,-2.650613537838760081e+00,-2.721505586662306131e-01
-5.317651920077843819e-01,-2.658114292764665265e+00,-2.309497675562727503e-01
-7.963820243147694544e-01,-2.627794946349638394e+00,-1.920096881430143620e-01
-1.055910139137662851e+00,-2.556105060826828534e+00,-1.492031206884877614e-01
-1.306084191820680696e+00,-2.440584526216632355e+00,-9.569222182267825283e-02
-1.542496003358337253e+00,-2.280661679388506613e+00,-2.932152517147304516e-02
-1.760798141802941474e+00,-2.078321315944197778e+00,4.434352390830550994e-02
-1.956958549476144116e+00,-1.838303763672195723e+00,1.141400138404929654e-01
-2.127530393858294566e+00,-1.567693968001224514e+00,1.699622143186115542e-01
-2.269869321039627685e+00,-1.275026600696607781e+00,2.092961266554976552e-01
-2.382233653428624365e+00,-9.692071294982210761e-01,2.382846963534415996e-01
-2.463754517301717684e+00,-6.585624572941793931e-01,2.666065661375210949e-01
-2.514319127921686103e+00,-3.502058528070987609e-01,3.009184871915903114e-01
-2.534424513802681744e+00,-4.972648474084644110e-02,3.417362176835280207e-01
-2.525034887038887454e+00,2.388748714583338040e-01,3.844538413389909648e-01
-2.487449240058238864e+00,5.130714702203585942e-01,4.222958922338574395e-01
-2.423176904226100881e+00,7.715749962325338940e-01,4.492271140210516434e-01
-2.333822408965720463e+00,1.014059767101730847e+00,4.620633427338799448e-01
-2.220985632140848764e+00,1.240922924674480177e+00,4.615224624690011934e-01
-2.086184816132987230e+00,1.453098278194406623e+00,4.519674068226987584e-01
-1.930809279923274113e+00,1.651877730299831759e+00,4.398222345485959250e-01
-1.756106405471889120e+00,1.838673621431238692e+00,4.311247949127289258e-01
-1.565009091738350344e+00,1.983979356312101094e+00,-3.931955591543104256e-02
-1.360183796126232858e+00,2.107787405409570880e+00,-1.186134873751757690e-01
-1.143844021065969274e+00,2.213200248605237341e+00,-1.525161518609127465e-01
-9.178678157830086892e-01,2.300734832090875592e+00,-1.937667543645648360e-01
-6.841176807746089938e-01,2.369363422593110613e+00,-2.415476406380225038e-01
-4.445914671902799764e-01,2.417127693195652682e+00,-2.899752723855125724e-01
-2.014965019330274831e-01,2.441534138996526160e+00,-3.349066657852556306e-01
4.271453787741008590e-02,2.439868575445706789e+00,-3.740137628355403310e-01
2.853325206448331652e-01,2.409511001797609353e+00,-4.065250903669365146e-01
5.234063360087854999e-01,2.348280927865170398e+00,-4.329446504779915772e-01
7.537910631466224753e-01,2.254792474946432534e+00,-4.544414535936712740e-01
9.732367806874961946e-01,2.128765035579363030e+00,-4.720123347490289278e-01
1.178515464888884701e+00,1.971235081757963803e+00,-4.858097058189133621e-01
1.366570722382886238e+00,1.784640146225992430e+00,-4.949921023652815721e-01
1.534667178848717395e+00,1.572768095971839974e+00,-4.981942348918809715e-01
1.680517815257575709e+00,1.340562480995421302e+00,-4.943702583988144328e-01
1.802375469588273216e+00,1.093766423191682824e+00,-4.834942294407592600e-01
1.899081807290611712e+00,8.384206612709322881e-01,-4.666199677539007995e-01
1.970070257720313966e+00,5.803136160939547095e-01,-4.452281350281782624e-01
2.015323334123203747e+00,3.245380285394004471e-01,-4.203444919468540819e-01
2.035293515664355901e+00,7.526279964925015886e-02,-3.920778653831514804e-01
2.030805760757116829e+00,-1.642891615718601872e-01,-3.598443371398022395e-01
2.002960699095376107e+00,-3.917499826835514898e-01,-3.230119478904899255e-01
1.953050223052048784e+00,-6.054907924908140560e-01,-2.814754048748727699e-01
1.882488667199238908e+00,-8.045128320987712245e-01,-2.358389351096593922e-01
1.792758724246211743e+00,-9.883340292655146131e-01,-1.872078639598032945e-01
1.685371488402065188e+00,-1.156852464430141447e+00,-1.367996533668832948e-01
1.561841271124042141e+00,-1.310184477506268985e+00,-8.560175118214377599e-02
1.423675830846436563e+00,-1.448492520291076113e+00,-3.420827348252433731e-02
1.272381291219718769e+00,-1.571825525732022166e+00,1.713943926859937128e-02
1.109479256825002702e+00,-1.679992838539517530e+00,6.836158629597374747e-02
9.365322757463807601e-01,-1.772485533505099520e+00,1.192974460011722859e-01
7.551731243017794082e-01,-1.848449978984940012e+00,1.695219122642538101e-01
5.671333924493622280e-01,-1.906711253964459951e+00,2.183010916352924047e-01
3.742674242962722442e-01,-1.945841191049001440e+00,2.647034028063640632e-01
1.785685381872712529e-01,-1.964267188773723527e+00,3.078105200409834152e-01
-1.782486699794039176e-02,-1.960419380370071574e+00,3.469256781611517182e-01
-2.126355934846266837e-01,-1.932910034002718769e+00,3.816809490175029351e-01
-4.034688698026263065e-01,-1.880729108807665861e+00,4.119998524473257318e-01
-5.878509930829627361e-01,-1.803429204981693568e+00,4.379467009187817395e-01
-7.632865038146110503e-01,-1.701270016691964537e+00,4.595471292957523657e-01
-9.273319766245584628e-01,-1.575300551635541391e+00,4.766688302265532640e-01
-1.077680392741654947e+00,-1.427371823962376718e+00,4.890115124984174555e-01
-1.212246431091979604e+00,-1.260083406429425290e+00,4.961976438983083382e-01
-1.329241748181169358e+00,-1.076668623631169774e+00,4.979099457606207535e-01
-1.427231302347122588e+00,-8.808212289081734925e-01,4.940026251669377144e-01
-1.505166047854262112e+00,-6.764733517238089577e-01,4.845243819904209159e-01
-1.562391751754198532e+00,-4.675531642458674031e-01,4.696358426853731727e-01
-1.598636737659252072e+00,-2.577664004021082422e-01,4.494744525718868955e-01
-1.613982912350346632e+00,-5.044029789531394303e-02,4.240734141210492636e-01
-1.608825020863130506e+00,1.515580451788290373e-01,3.934207244308635110e-01
-1.583823069913951054e+00,3.458441630264824096e-01,3.576436707330640230e-01
-1.539852497012381471e+00,5.305036925936333914e-01,3.171974205469848540e-01
-1.477956227014096457e+00,7.040591912978636513e-01,2.729162924241944621e-01
-1.399302335923260587e+00,8.654166797580556958e-01,2.258732265712478371e-01
-1.305150404161727673e+00,1.013787012719374436e+00,1.771169189890241247e-01
-1.196828563299890513e+00,1.148582696537826520e+00,1.274265131679566954e-01
-1.075721801821092116e+00,1.269300883165495497e+00,7.720451697106764377e-02
-9.432706062109057488e-01,1.375410869660075752e+00,2.654843195915898568e-02
-8.009777591724900336e-01,1.466265906967600730e+00,-2.454614987121775393e-02
-6.504202410038295579e-01,1.541054587816799382e+00,-7.595291247492244602e-02
-4.932627319976552460e-01,1.598798950793027585e+00,-1.272593317438836247e-01
-3.312692016678708828e-01,1.638397978806489297e+00,-1.777528848723843036e-01
-1.663094321368678852e-01,1.658709076830349849e+00,-2.265438377147052373e-01
-3.578815322422546075e-04,1.658657151258988049e+00,-2.727544688544699669e-01
1.645171605180719698e-01,1.637359730900192600e+00,-3.156775033360111893e-01
3.261756770297392638e-01,1.594255288469144771e+00,-3.548325400583386413e-01
4.824401388643282385e-01,1.529220237543563732e+00,-3.899124521158389145e-01
6.311414056934003813e-01,1.442659664069738445e+00,-4.206731830291668972e-01
7.701739516714138922e-01,1.335559441782976142e+00,-4.468439793162054530e-01
8.975559508166299771e-01,1.209492601167063475e+00,-4.681109344366848335e-01
1.011488364627914249e+00,1.066578338755751920e+00,-4.841740884850526117e-01
1.110407157236776410e+00,9.093962172379955744e-01,-4.948303250251387952e-01
1.193024050884605947e+00,7.408620434524076925e-01,-5.000182989527824917e-01
1.258353117304628288e+00,5.640779067956297466e-01,-4.997869593748848205e-01
1.305722274631408775e+00,3.821761131937220779e-01,-4.942030759231929027e-01
1.334770225056101323e+00,1.981800146276365138e-01,-4.832633909985207810e-01
1.345430666970319988e+00,1.489919355350884100e-02,-4.668864431609495158e-01
1.337906745315085910e+00,-1.651359893551200275e-01,-4.450120615244844702e-01
1.312639416315749097e+00,-3.397066298308734633e-01,-4.177590940563692401e-01
1.270273529955778136e+00,-5.069133319113100500e-01,-3.855399566723721749e-01
1.211625090694392615e+00,-6.651643479450336516e-01,-3.490466985260073374e-01
1.137652561456925504e+00,-8.131423964147447281e-01,-3.090999289232004843e-01
1.049434315066628542e+00,-9.497482997824385764e-01,-2.664364924157186509e-01
9.481533878354254652e-01,-1.074025173618657236e+00,-2.215486465640285341e-01
8.350895810906802108e-01,-1.185074637242086171e+00,-1.746576926314961364e-01
7.116178397189980576e-01,-1.281981586550448471e+00,-1.258317867125217371e-01
5.792109215487359908e-01,-1.363763769954909444e+00,-7.518396814773811720e-02
4.394438250547285651e-01,-1.429357015635386086e+00,-2.304911499922215889e-02
2.939973301912448544e-01,-1.477638997842525059e+00,2.994646311862933508e-02
1.446582685593542639e-01,-1.507487137145048672e+00,8.295106474182287193e-02
-6.685398414975951553e-03,-1.517861766343141072e+00,1.350471032858802933e-01
-1.580561697493771955e-01,-1.507904060554693837e+00,1.854170373568305441e-01
-3.074064397748872413e-01,-1.477037833024567037e+00,2.334338269687873113e-01
-4.526466979709413696e-01,-1.425063838567412811e+00,2.786443732144857632e-01
-5.916828833945089183e-01,-1.352235091611447837e+00,3.206779192546801438e-01
-7.224621641405593042e-01,-1.259303358096701908e+00,3.591493641532491621e-01
-8.430247238775130381e-01,-1.147530960737718653e+00,3.936195749672702915e-01
-9.515573900680027730e-01,-1.018666850569840188e+00,4.236310182178283368e-01
-1.046443911372549218e+00,-8.748892847246275695e-01,4.487883437785694651e-01
-1.126306920955812751e+00,-7.187189083818951163e-01,4.688294649036731654e-01
-1.190038007023510369e+00,-5.529076289192681459e-01,4.836429801809271067e-01
-1.236814217483799938e+00,-3.803125627337974879e-01,4.932215851120628214e-01
-1.266101090394943229e+00,-2.037694790052439475e-01,4.975790952795006161e-01
-1.277643634649859417e+00,-2.598236739913788174e-02,4.966828980180889586e-01
-1.271447624467444415e+00,1.505580819271193360e-01,4.904499740409801190e-01
-1.247754211132511282e+00,3.236224316595331385e-01,4.788186282849221653e-01
-1.207011212946502043e+00,4.912593754041816863e-01,4.618558172271701734e-01
-1.149844505903732328e+00,6.517863787093797212e-01,4.398263755944168407e-01
-1.077032691539701270e+00,8.037573399873830793e-01,4.131649702847778327e-01
-9.894876257963158839e-01,9.459090537922579811e-01,3.823510674574376322e-01
-8.882424126006311926e-01,1.077090132812991596e+00,3.477542616516470231e-01
-7.744471565289077208e-01,1.196181224950070954e+00,3.095470940414440930e-01
-6.493713503264164633e-01,1.302020936238680759e+00,2.677530877335908555e-01
-5.144105701107302142e-01,1.393354171979903855e+00,2.224225615542775036e-01
-3.710944560011519844e-01,1.468816413811281807e+00,1.738483467564460871e-01
-2.210928954587212392e-01,1.526959396221141629e+00,1.226955473072085245e-01
-6.621780109262931369e-02,1.566314216993274888e+00,6.995406466751216690e-02
9.158140440516659986e-02,1.585481481605740983e+00,1.671984213972774191e-02
2.502298667987259417e-01,1.583236790692531093e+00,-3.608321745295409166e-02
4.075479280505078794e-01,1.558641966326712369e+00,-8.788355229252178824e-02
5.612812573581493769e-01,1.511153920836074027e+00,-1.384396479135460434e-01
7.091412269084440556e-01,1.440721707592437673e+00,-1.876322040048644946e-01
8.488553286215319016e-01,1.347859600315133966e+00,-2.352021256755591205e-01
9.782255660607406256e-01,1.233683655182184813e+00,-2.805982566657539978e-01
1.095190517931083463e+00,1.099903049933103949e+00,-3.230279667965884061e-01
1.197885216790544272e+00,9.487640265941424955e-01,-3.616744392146858944e-01
1.284692940305599329e+00,7.829505330010774200e-01,-3.959399108908182585e-01
1.354284394156970883e+00,6.054506077597173741e-01,-4.255618043564598496e-01
1.405641732902995322e+00,4.194023370790612160e-01,-4.505343876247042134e-01
1.438066628124752500e+00,2.279379222781353076e-01,-4.708932293914404044e-01
1.451173003502920000e+00,3.404595988761889569e-02,-4.865040619720889525e-01
1.444866374043826340e+00,-1.595327532590291031e-01,-4.969943317078008294e-01
1.419313034134743745e+00,-3.503701421469786470e-01,-5.018797642644631241e-01
1.374903397191300725e+00,-5.363788377974679777e-01,-5.008180971875947352e-01
1.312214359243767614e+00,-7.158071742141310922e-01,-4.938361062197574869e-01
1.231975598714011300e+00,-8.872016017619445138e-01,-4.813781612769264528e-01
1.135044234972148347e+00,-1.049334352998147368e+00,-4.641200613989201473e-01
1.022391135514559846e+00,-1.201097817337287710e+00,-4.426300683958618309e-01
8.951002862019442619e-01,-1.341377081966411255e+00,-4.170629507859092699e-01
7.543801887671517381e-01,-1.468923903185395341e+00,-3.870821373848559732e-01
6.015837584353478373e-01,-1.582262358678338865e+00,-3.521033473455946750e-01
4.382314063846728391e-01,-1.679653005990238812e+00,-3.117764487212940638e-01
2.660315190460178503e-01,-1.759127296260295070e+00,-2.664565232299952457e-01
8.689351081594653969e-02,-1.818583082525924377e+00,-2.173687059220742734e-01
-9.706947199874949028e-02,-1.855916742854530677e+00,-1.663095941482854168e-01
-2.835491923708162165e-01,-1.869167023008001971e+00,-1.150002697316995504e-01
-4.700622537310785720e-01,-1.856658584906869303e+00,-6.444542673528022569e-02
-6.539815201044254511e-01,-1.817146561654182202e+00,-1.468370201938032360e-02
-8.325803675710263807e-01,-1.749963819876344084e+00,3.490990691101356069e-02
-1.003091806719899504e+00,-1.655158784672506878e+00,8.495356404732032352e-02
-1.162783130883236149e+00,-1.533596144587765275e+00,1.354412367769509407e-01
-1.309042648703658385e+00,-1.386990749146145285e+00,1.855623324416154352e-01
-1.439469770522770142e+00,-1.217860338844916734e+00,2.340439181190515361e-01
-1.551956503978018764e+00,-1.029404289466052669e+00,2.797431935386026636e-01
-1.644749861585225625e+00,-8.253283922838489106e-01,3.220643623359745744e-01
-1.716490079687155168e+00,-6.096358876277304661e-01,3.609412018133281164e-01
-1.766225151162611917e+00,-3.864016755272176584e-01,3.964609068007786119e-01
-1.793404695840189911e+00,-1.595490864634909189e-01,4.284257450983329774e-01
-1.797855752202366597e+00,6.734564744670186454e-02,4.561303845211267527e-01
-1.779742353825995105e+00,2.911970870071625694e-01,4.784726778884004217e-01
-1.739511787548286614e+00,5.094898511475508540e-01,4.943499861856918143e-01
-1.677832895479747899e+00,7.202947692229172416e-01,5.031637696489451583e-01
-1.595534074641176803e+00,9.222287819727944536e-01,5.051756227888642981e-01
-1.493549580752884021e+00,1.114361398346158216e+00,5.014816942950756085e-01
-1.372882064700833959e+00,1.296065762929003773e+00,4.935341052056639866e-01
-1.234587063520881545e+00,1.466816629340579103e+00,4.823797913616044708e-01
-1.079781636353755347e+00,1.625953505953810163e+00,4.679854938401345477e-01
-9.096749180386736189e-01,1.772449575329665405e+00,4.490605044899166343e-01
-7.256139859210819498e-01,1.904743894996294484e+00,4.236179755148751225e-01
-5.291355104163379952e-01,2.020690679142411739e+00,3.901450433420688979e-01
-3.220134136228589572e-01,2.117645592394850063e+00,3.488169820625576234e-01
-1.062951425346032597e-01,2.192655390588512887e+00,3.019727457699613593e-01
1.156774069796739912e-01,2.242677949546155958e+00,2.533469742331363461e-01
3.412637151631103816e-01,2.264769375851408029e+00,2.062985936052833258e-01
5.675379218122713620e-01,2.256233178711804399e+00,1.620289570407194846e-01
7.913214926799139182e-01,2.214788406816992961e+00,1.189582281112845086e-01
1.009239457694807163e+00,2.138822821276038511e+00,7.380575945529063708e-02
1.217805592159757699e+00,2.027734998610991823e+00,2.384378402913864270e-02
1.413539197244766621e+00,1.882276078388952945e+00,-3.105013819395910368e-02
1.593108214178331261e+00,1.704748618209767974e+00,-8.793712831341085612e-02
1.753482415751636880e+00,1.498951627416351462e+00,-1.424110461554245755e-01
1.892071832422700606e+00,1.269860408984088584e+00,-1.912621057273941327e-01
2.006825493008445704e+00,1.023134526331389571e+00,-2.343140877481292572e-01
2.096275974696499844e+00,7.645973844931218677e-01,-2.740862646796077273e-01
2.159531094467666890e+00,4.998074849854992618e-01,-3.136651752775324598e-01
2.196226631638381832e+00,2.337704547288106949e-01,-3.544659139302136497e-01
2.206457690649025416e+00,-2.922663348642033643e-02,-3.952818492214166257e-01
2.190701899559080346e+00,-2.857024320981855214e-01,-4.328290701872720136e-01
2.149740212238098636e+00,-5.330195332733468350e-01,-4.631648262440438701e-01
2.084576220947663927e+00,-7.693805936095100551e-01,-4.832521145585150224e-01
1.996355148142867408e+00,-9.937780323797903437e-01,-4.921327029767300631e-01
1.886287608176993258e+00,-1.205889885794571237e+00,-4.913402345066276711e-01
1.755587196845833198e+00,-1.405912129554163892e+00,-4.843712904812181863e-01
1.605432038492017544e+00,-1.594318589990296298e+00,-4.753258981714242326e-01
1.436957846078742662e+00,-1.771550524790445502e+00,-4.671683728590682039e-01
1.251284848053441534e+00,-1.937662805924202702e+00,-4.603002042677931671e-01
1.049574688276381007e+00,-2.091988304367752072e+00,-4.521589825555710762e-01
8.331077378672100409e-01,-2.232910187240152666e+00,-4.382696812814802501e-01
6.033679761246066864e-01,-2.357825206223402859e+00,-4.145332499816919425e-01
3.621230280084866138e-01,-2.463318995629673935e+00,-3.797133201922139323e-01
1.114904066752830936e-01,-2.545477158575824461e+00,-3.365984312612982920e-01
-1.460151495424975021e-01,-2.600192124197103993e+00,-2.907701032421573517e-01
-4.074564123798978255e-01,-2.623362361174462976e+00,-2.473227675261046310e-01
-6.694739912444724883e-01,-2.611012120918718260e+00,-2.074299500372848437e-01
-9.283176324784625510e-01,-2.559490631135570737e+00,-1.671618930084096954e-01
-1.179915943243118770e+00,-2.465916377814764360e+00,-1.198193984981205384e-01
-1.419992953577733585e+00,-2.328871572450365690e+00,-6.075718444949021468e-02
-1.644238672984908556e+00,-2.149125007760625650e+00,8.353535089464653174e-03
-1.848533565190744854e+00,-1.930048643205181103e+00,7.911918379485424757e-02
-2.029206070634699266e+00,-1.677493579614960817e+00,1.409489621708626961e-01
-2.183270634749898242e+00,-1.399131160175807631e+00,1.877790438678868801e-01
-2.308579218633244778e+00,-1.103481254478856366e+00,2.218074233110865767e-01
-2.403849396639282432e+00,-7.989323723526152721e-01,2.511619052930126328e-01
-2.468588298645519430e+00,-4.929917477707574380e-01,2.838316733992297669e-01
-2.502964682381340289e+00,-1.918471736267319261e-01,3.229493851257768666e-01
-2.507672176184436275e+00,9.980550391211003014e-02,3.660440982174389957e-01
-2.483799706017716602e+00,3.787409926887795319e-01,4.072017199795067155e-01
-2.432708901396068768e+00,6.430419967461861175e-01,4.399807982325495415e-01
-2.355917743050304658e+00,8.918585515259119800e-01,4.598465461654183128e-01
-2.254994711328251356e+00,1.125166475272093569e+00,4.657044752745019833e-01
-2.131470803461878560e+00,1.343569455853978800e+00,4.602684863090712453e-01
-1.986777133822795749e+00,1.548126471553070038e+00,4.490970765957155164e-01
-1.822214319838278529e+00,1.740145917523088448e+00,4.385213748669184453e-01
-1.638956959154949766e+00,1.920894734081167732e+00,4.331462870915129271e-01
-1.438092696299781759e+00,2.091215720953590207e+00,4.338463325616811472e-01
-1.220691138398128261e+00,2.251109813884977662e+00,4.371333570736720686e-01
-9.878938045760181641e-01,2.399399027880761537e+00,4.364423447666280209e-01
-7.410139787258469557e-01,2.533602255990005325e+00,4.251695720916214283e-01
-4.816367016104916576e-01,2.650089924739670089e+00,4.002320415358678884e-01
-2.117131573293271618e-01,2.744443562996014219e+00,3.640740382191606228e-01
6.635434881573609722e-02,2.811826606772355852e+00,3.234008623483032308e-01
3.496438238240153762e-01,2.847193654954532693e+00,2.847948318687273384e-01
6.346743503175977796e-01,2.845352363464582091e+00,2.496928516338446646e-01
9.174133988890751379e-01,2.801119712597365030e+00,2.122427475124986918e-01
1.193347599338520082e+00,2.709877640057907655e+00,1.622749582603784935e-01
1.457626937944685563e+00,2.568611605712643353e+00,9.243051313088809784e-02
1.705280797602677589e+00,2.377125000056917514e+00,5.179656404659421787e-03
1.931495154959428806e+00,2.138870178514173048e+00,-8.559173196292593766e-02
2.131932300884512799e+00,1.860940546311160793e+00,-1.611066035975358413e-01
2.302068909048803569e+00,1.534865655340387880e+00,-4.698642764522463766e-01
2.438582404653064195e+00,1.191374016542501968e+00,-4.794233822530716838e-01
2.540348222284841029e+00,8.443903893578105224e-01,-4.529719200802208023e-01
2.607637657410618814e+00,5.048962567186680017e-01,-4.259916788177992020e-01
2.641667115548648859e+00,1.806356321047618008e-01,-3.992964624360065828e-01
2.644246972848848465e+00,-1.236655093355471385e-01,-3.707977188274443892e-01
2.617509652705325873e+00,-4.057191791591192032e-01,-3.388787815158923467e-01
2.563719810853905656e+00,-6.649947243510024864e-01,-3.023993867864948060e-01
2.485146849467708030e+00,-9.020912389475538307e-01,-2.607141594552092601e-01
2.383977176636617124e+00,-1.118230010405998565e+00,-2.138967215357229501e-01
2.262256643812920132e+00,-1.314886819859170553e+00,-1.628922631205515226e-01
2.121862890215970410e+00,-1.493545718805856959e+00,-1.093234392404244526e-01
1.964507589864173509e+00,-1.655532617380699678e+00,-5.496391834843908364e-02
1.791764615515722969e+00,-1.801889224126919098e+00,-1.161797159217631270e-03
1.605116845187251506e+00,-1.933267541548348456e+00,5.147627772771809496e-02
1.406013443252240203e+00,-2.049845369592375732e+00,1.030022157930855220e-01
1.195930320364593458e+00,-2.151272300879950805e+00,1.537250898832550339e-01
9.764279336565302447e-01,-2.236652263149544240e+00,2.037137942656340461e-01
7.492021015652274851e-01,-2.304560980259482861e+00,2.524517646580787256e-01
5.161251860712479100e-01,-2.353096138664541925e+00,2.988117331045953007e-01
2.792766355760394337e-01,-2.379968967379443079e+00,3.413651750156273534e-01
4.096246097697098243e-02,-2.382659055850064433e+00,3.788730312446330073e-01
-1.962782271916150290e-01,-2.358652160512594520e+00,4.107066358605874212e-01
-4.296844894083926558e-01,-2.305754668547121966e+00,4.369816449792151003e-01
-6.563099254801187943e-01,-2.222440210345411060e+00,4.583359760681940953e-01
-8.730908108546053814e-01,-2.108159522946801090e+00,4.754636222288394221e-01
-1.076947855940626253e+00,-1.963552435057662970e+00,4.886413791264300199e-01
-1.264915231275322904e+00,-1.790534965354735997e+00,4.974974008810687520e-01
-1.434281393509499791e+00,-1.592267641718047466e+00,5.011572544476149416e-01
-1.582720125023963975e+00,-1.373016168676626458e+00,4.987093267714425293e-01
-1.708390947977912910e+00,-1.137895485075050894e+00,4.897452959716542820e-01
-1.809996086566380891e+00,-8.924849320640523276e-01,4.746542026376187051e-01
-1.886791744099817203e+00,-6.423523283341713297e-01,4.544603271500687880e-01
-1.938559356698225544e+00,-3.925974781601110908e-01,4.302766788332900161e-01
-1.965546741264485364e+00,-1.475409238329438710e-01,4.027189858333269923e-01
-1.968391169476024105e+00,8.938801934524483184e-02,3.716669945839708999e-01
-1.948036345978281014e+00,3.156064559414504811e-01,3.365206079458243904e-01
-1.905652571856868649e+00,5.292628045889581356e-01,2.967612398139846119e-01
-1.842565590790799179e+00,7.291158960350577756e-01,2.524493773684025610e-01
-1.760197004228148510e+00,9.144259790680918654e-01,2.043768173792369358e-01
-1.660018186862549650e+00,1.084844742586506205e+00,1.538386750632082245e-01
-1.543519215969155534e+00,1.240288465809990859e+00,1.022014133102214506e-01
-1.412193462545157319e+00,1.380791904171589257e+00,5.050681829912204157e-02
-1.267537121716358905e+00,1.506355637052242846e+00,-7.162931272449990505e-04
-1.111061519085668303e+00,1.616808080837792927e+00,-5.138458201061016362e-02
-9.443148517368358252e-01,1.711703600975267525e+00,-1.016023173661909917e-01
-7.689092195046207667e-01,1.790271915469887620e+00,-1.513473651737743675e-01
-5.865484478359481724e-01,1.851424533073789735e+00,-2.002466754244781877e-01
-3.990523988960632540e-01,1.893815238523196109e+00,-2.475401270688674382e-01
-2.083741513465831030e-01,1.915946601301332874e+00,-2.922411014976030730e-01
-1.660722059883723567e-02,1.916313064744883610e+00,-3.334049591722997308e-01
1.740195858406197171e-01,1.893570148181321633e+00,-3.703638668034435755e-01
3.611620767254091202e-01,1.846715510020599416e+00,-4.028120243859422134e-01
5.423974967007556547e-01,1.775261794962803341e+00,-4.307152856233696925e-01
7.152789472962810535e-01,1.679377951565322880e+00,-4.541166508956396841e-01
8.774050731488054478e-01,1.559979038499640813e+00,-4.729561306736985715e-01
1.026498946318364913e+00,1.418753167082300370e+00,-4.870004363194474495e-01
1.160487394090542246e+00,1.258122412962801695e+00,-4.959074224026550626e-01
1.277571761399422634e+00,1.081138480289082215e+00,-4.993723752702062813e-01
1.376283170622029983e+00,8.913171974920411911e-01,-4.972553850642437157e-01
1.455518290553392102e+00,6.924259997510108233e-01,-4.895995009205950099e-01
1.514554116405189887e+00,4.882553803030854067e-01,-4.765248338583748522e-01
1.553042212969336200e+00,2.824160774712536903e-01,-4.580846215863775273e-01
1.570984896414421295e+00,7.819474969089219851e-02,-4.342159010554215159e-01
1.568697865231991617e+00,-1.215250925556185385e-01,-4.048559399895640398e-01
1.546764968026039577e+00,-3.142936428762725387e-01,-3.701634074260528040e-01
1.505990611795358092e+00,-4.980981180803622510e-01,-3.306885185709848018e-01
1.447354262456043150e+00,-6.713476779645121129e-01,-2.873600158183765574e-01
1.371970378978370153e+00,-8.328349322762901297e-01,-2.412787515045781428e-01
1.281056247862114583e+00,-9.816663659830605626e-01,-1.934306108718405748e-01
1.175909329685132843e+00,-1.117162886493653362e+00,-1.444712211699485105e-01
1.057894665336600148e+00,-1.238743914417467673e+00,-9.468169790438199507e-02
9.284416552277308110e-01,-1.345816012151132890e+00,-4.409895417131540207e-02
7.890483470589455539e-01,-1.437686925270982963e+00,7.256577997788976608e-03
6.412904803475041327e-01,-1.513519533061751909e+00,5.916674392507811908e-02
4.868320838556221553e-01,-1.572331127661281025e+00,1.111080583786570875e-01
3.274344379708986619e-01,-1.613035339018084935e+00,1.622878930349952176e-01
1.649606004388914915e-01,-1.634519123556622100e+00,2.117936612785439043e-01
1.373230337790465327e-03,-1.635745364330112084e+00,2.587751137394701528e-01
-1.612761013017329770e-01,-1.615870732739780324e+00,3.025729543213725448e-01
-3.208676063624065211e-01,-1.574366705618521545e+00,3.427443362374259506e-01
-4.752450429929748754e-01,-1.511129398451437789e+00,3.789949938541451457e-01
-6.222586647995262954e-01,-1.426563529189811996e+00,4.110744401559810468e-01
-7.598177849222682578e-01,-1.321629229147945006e+00,4.386998815456121248e-01
-8.859492257784478131e-01,-1.197846625854524172e+00,4.615459098594482112e-01
-9.988560792936092003e-01,-1.057258851264697208e+00,4.792928035648839069e-01
-1.096970552108496699e+00,-9.023569419014202397e-01,4.916941117562129149e-01
-1.178995596767853593e+00,-7.359711908907194955e-01,4.986190549420069784e-01
-1.243932111211197844e+00,-5.611365407760137147e-01,5.000442371164791622e-01
-1.291090822858121934e+00,-3.809459382262103122e-01,4.960002193370866008e-01
-1.320089835190227712e+00,-1.984112764994174216e-01,4.865086316369752195e-01
-1.330840006645578777e+00,-1.635070146396182256e-02,4.715594622618038967e-01
-1.323521007645272585e+00,1.626875723659340633e-01,4.511606709991821118e-01
-1.298551247803364506e+00,3.364656005023947682e-01,4.254442282397218333e-01
-1.256554989852638693e+00,5.030667519159538470e-01,3.947634394277014236e-01
-1.198329915123558687e+00,6.608829917238131513e-01,3.597066995951888613e-01
-1.124818141218943746e+00,8.085800929479026733e-01,3.209977970332599240e-01
-1.037083110712347045e+00,9.450412281468895115e-01,2.793245118810244731e-01
-9.362938167965675351e-01,1.069292845663172953e+00,2.351861410691381271e-01
-8.237166169639265068e-01,1.180422822368962121e+00,1.888447250042329661e-01
-7.007136532349342861e-01,1.277505757674351150e+00,1.404094552992372902e-01
-5.687459006851518506e-01,1.359550984980945509e+00,9.001230352267239332e-02
-4.293782650067312634e-01,1.425484762346050482e+00,3.798406332957679488e-02
-2.842839815874114162e-01,1.474170819345895778e+00,-1.506095512056862540e-02
-1.352457613859356922e-01,1.504465962958356551e+00,-6.827505660515700847e-02
1.584846975440101779e-02,1.515302372574182099e+00,-1.207326988104970023e-01
1.670169579834672735e-01,1.505786204542754581e+00,-1.716051625525782109e-01
3.162039790372370707e-01,1.475301833698603238e+00,-2.202615897637044962e-01
4.613090901930834153e-01,1.423610762564265775e+00,-2.662522623604416383e-01
6.002259540869985255e-01,1.350933652000523955e+00,-3.092033153821552860e-01
7.308896144404133377e-01,1.258004356315817196e+00,-3.487036832193989300e-01
8.513293867404261306e-01,1.146087471436606497e+00,-3.842634612211891509e-01
9.597229629520012129e-01,1.016955327259722486e+00,-4.153712659607303737e-01
1.054446618411213121e+00,8.728250469744639473e-01,-4.416108908141797018e-01
1.134116873509225076e+00,7.162604694806605776e-01,-4.627573388885127814e-01
1.197620319158438029e+00,5.500481124064559024e-01,-4.787840530693233676e-01
1.244129965865846454e+00,3.770614267765511340e-01,-4.897694251780758679e-01
1.273108006276205240e+00,2.001313803406004621e-01,-4.957569241831133455e-01
1.284296221108359282e+00,2.194034121323602815e-02,-4.966581410436577970e-01
1.277696429845469828e+00,-1.550508501978457576e-01,-4.922673836811642945e-01
1.253544265866129992e+00,-3.286421765155031482e-01,-4.823888011436184842e-01
1.212279964861509240e+00,-4.969056639070485448e-01,-4.670026465517952419e-01
1.154519775779733193e+00,-6.581739564499075046e-01,-4.463651548557453497e-01
1.081031160800957958e+00,-8.110080331031080947e-01,-4.209708893001479213e-01
9.927142357511220538e-01,-9.541438388318105313e-01,-3.913882119170654095e-01
8.905909021159172934e-01,-1.086420348696639282e+00,-3.580576414514570205e-01
7.758018393535313084e-01,-1.206698141701112670e+00,-3.211714226501928282e-01
6.496101156862355008e-01,-1.313784073017329357e+00,-2.807132689813204296e-01
5.134089419972858170e-01,-1.406379991378833738e+00,-2.366499241442145129e-01
3.687303638083203605e-01,-1.483069578322173010e+00,-1.891766594672265323e-01
2.172516467207172841e-01,-1.542348435668304818e+00,-1.388777000584628107e-01
6.079669940904630643e-02,-1.582692524409895940e+00,-8.669987067041265427e-02
-9.866921388653948632e-02,-1.602653532796893154e+00,-3.374058422925432787e-02
-2.590524271588827698e-01,-1.600968647483831164e+00,1.903784086824597543e-02
-4.181521102920833233e-01,-1.576674374335551798e+00,7.100760846804629600e-02
-5.736905188534831002e-01,-1.529215483356898497e+00,1.218790663094136695e-01
-7.233530841732760397e-01,-1.458538974294701029e+00,1.715183259700861773e-01
-8.648385569055128119e-01,-1.365161263858388319e+00,2.197001359469464565e-01
-9.959176733174486262e-01,-1.250198166907502406e+00,2.659489400637181644e-01
-1.114496333304973108e+00,-1.115352595028760385e+00,3.095553398008047408e-01
-1.218677237451141648e+00,-9.628611437684427843e-01,3.497399564651101356e-01
-1.306813515370715217e+00,-7.954040999493320330e-01,3.858507288280702552e-01
-1.377549320753211903e+00,-6.159839138292541039e-01,4.174753014411533014e-01
-1.429844739386967101e+00,-4.277789325948566090e-01,4.444174508205617213e-01
-1.462984432167094839e+00,-2.339850605184976007e-01,4.665711899306995702e-01
-1.476570752507952777e+00,-3.766493219810322646e-02,4.837796574117828596e-01
-1.470503051422371366e+00,1.583744895948482889e-01,4.957709335933299100e-01
-1.444946029378639141e+00,3.516619882750918191e-01,5.022212801380402381e-01
-1.400291293724831521e+00,5.400965324267338330e-01,5.029198939668998447e-01
-1.337117304171784982e+00,7.219395807228855544e-01,4.979326528341044833e-01
-1.256153247719335342e+00,8.957692061831837860e-01,4.876386687817370058e-01
-1.158251907168254435e+00,1.060398096190833916e+00,4.725744038572184946e-01
-1.044375232580387669e+00,1.214759171660651615e+00,4.531403825797352125e-01
-9.155941558813582848e-01,1.357770320185753610e+00,4.293343409605466787e-01
-7.731014842948396026e-01,1.488200828506765161e+00,4.007009441604790778e-01
-6.182340445372800364e-01,1.604570148790386730e+00,3.665999761289907566e-01
-4.524983942085418764e-01,1.705107728876786188e+00,3.267169133788127011e-01
-2.775939941980614112e-01,1.787787647307326866e+00,2.815566337575984290e-01
-9.542882088548876318e-02,1.850428683789442585e+00,2.325953007597359734e-01
9.187562238574975559e-02,1.890832091172115925e+00,1.819067158786492333e-01
2.819910450272995472e-01,1.906928087225474355e+00,1.313887929406945820e-01
4.724010621842460456e-01,1.896918190203803922e+00,8.200491229243919711e-02
6.604323515136936162e-01,1.859419295569299413e+00,3.350495174550691124e-02
8.432998507260645038e-01,1.793618822782221178e+00,-1.516928011507015506e-02
1.018168046623052048e+00,1.699433314830597785e+00,-6.500952221690350918e-02
1.182228735593809255e+00,1.577638828380107716e+00,-1.161205006457165789e-01
1.332791398786004056e+00,1.429930884184390072e+00,-1.674614374860158572e-01
1.467377195686345503e+00,1.258885069414519497e+00,-2.173077854940654030e-01
1.583804581256645472e+00,1.067818580929475791e+00,-2.641153593039763381e-01
1.680255815456284108e+00,8.605796447060426457e-01,-3.071957994146156112e-01
1.755318421630952086e+00,6.413030251343999621e-01,-3.467633846684466947e-01
1.808000966586931657e+00,4.141665385853501857e-01,-3.833780139437844570e-01
1.837725829203651351e+00,1.831738403828902517e-01,-4.172068503891185332e-01
1.844302618684604322e+00,-4.802135260414013007e-02,-4.475778007714029672e-01
1.827885899598944874e+00,-2.762433701134769382e-01,-4.730596014135929339e-01
1.788921078802739872e+00,-4.988751149576914901e-01,-4.920055622003945972e-01
1.728083120107694937e+00,-7.138921516006960788e-01,-5.032879037433320990e-01
1.646214065162654894e+00,-9.198468553843569540e-01,-5.068645969703357013e-01
1.544266710514661245e+00,-1.115793435862986849e+00,-5.038764690180289607e-01
1.423262411760255475e+00,-1.301145032196890705e+00,-4.961676999846150737e-01
1.284269966507764593e+00,-1.475464609459386844e+00,-4.853942272150294501e-01
1.128409477292193541e+00,-1.638210841454050604e+00,-4.721177837438591540e-01
9.568804442931542198e-01,-1.788483136936383611e+00,-4.553678247227966880e-01
7.710082662919757190e-01,-1.924827008946859985e+00,-4.330165913170321845e-01
5.722994814813288089e-01,-2.045158618472980194e+00,-4.029426216403680927e-01
3.624949358003350941e-01,-2.146834983179362055e+00,-3.644667937111211176e-01
1.436119566595832620e-01,-2.226841347549004091e+00,-3.192139880484435865e-01
-8.202972300941602235e-02,-2.282021858297877515e+00,-2.707095545491330357e-01
-3.118001031204604701e-01,-2.309281765187141566e+00,-2.227274845672912174e-01
-5.427692246620698935e-01,-2.305745442561209835e+00,-1.772768880272412029e-01
-7.717363772606085082e-01,-2.268923596245137730e+00,-1.335154910325019595e-01
-9.952814848684223836e-01,-2.196963926164285041e+00,-8.842923514700831711e-02
-1.209844678322000044e+00,-2.089002983343382525e+00,-3.901074695904074852e-02
-1.411839889027074024e+00,-1.945537369851651599e+00,1.540362753197652146e-02
-1.597801928974976304e+00,-1.768666512985763939e+00,7.226015241870240025e-02
-1.764553121473401598e+00,-1.562083284736303535e+00,1.271460314012341219e-01
-1.909360561882190721e+00,-1.330789220846268828e+00,1.765516689446070264e-01
-2.030050304126440608e+00,-1.080617828327765872e+00,2.200101479594377130e-01
-2.125058224087157832e+00,-8.176985318708159811e-01,2.599854647099658633e-01
-2.193421363935124546e+00,-5.479743246487968067e-01,2.997382294154772309e-01
-2.234730093662811612e+00,-2.768319186441969282e-01,3.409289378091909795e-01
-2.249061010366708580e+00,-8.856246731634140334e-03,3.825217360822347201e-01
-2.236900266722969377e+00,2.522987755915815922e-01,4.212647723894445972e-01
-2.199059360570169375e+00,5.039367649656848469e-01,4.531087512513306548e-01
-2.136585058986219643e+00,7.442660201544873955e-01,4.748185156176657484e-01
-2.050668689939039169e+00,9.722992835667180200e-01,4.852327444345502228e-01
-1.942563124912449313e+00,1.187727993155242023e+00,4.857694530343036332e-01
-1.813516823000875577e+00,1.390766757226456596e+00,4.799451454596191935e-01
-1.664733392541183798e+00,1.581944046544382365e+00,4.719980674531808473e-01
-1.497362481117144428e+00,1.761819381975692655e+00,4.650852160757449338e-01
-1.312523694405921093e+00,1.930636749813782194e+00,4.597728975040337174e-01
-1.111360149377678797e+00,2.087968301717786801e+00,4.535523698980082896e-01
-8.951131561407159598e-01,2.232442367662744509e+00,4.418331791443489420e-01
-6.652062402927614304e-01,2.361655299643169670e+00,4.202517612996129470e-01
-4.233271266665659116e-01,2.472310280795651849e+00,3.872903149165861647e-01
-1.714998948336508011e-01,2.560519863293413412e+00,3.456225264812989861e-01
8.785711273508289842e-02,2.622123913204757351e+00,3.009743418822158345e-01
3.518917241013708175e-01,2.652895171938669083e+00,2.587470280776472675e-01
6.173030856729260218e-01,2.648641682513663831e+00,2.203302594622343624e-01
8.803608177008690472e-01,2.605372211989589459e+00,1.816520513568623263e-01
1.136969289351622114e+00,2.519726224426186434e+00,1.354148596646592428e-01
1.382786621538778293e+00,2.389715332619157806e+00,7.613663843160875522e-02
1.613401586952206701e+00,2.215564990850703353e+00,4.943970902341415785e-03
1.824561054913882652e+00,2.000279325937803776e+00,-6.941245445807556202e-02
2.012426424570300298e+00,1.749616826521078528e+00,-1.348699522470841183e-01
2.173818618735548824e+00,1.471419418226924014e+00,-1.834405487317357919e-01
2.306396022431981496e+00,1.174520335394346082e+00,-2.162814043950521958e-01
2.408718722629832332e+00,8.676170335207141759e-01,-2.422080288064069331e-01
2.480192510735941269e+00,5.584504208818524829e-01,-2.710972921000954772e-01
2.520932014129108722e+00,2.534047858292767796e-01,-3.078729819203732676e-01
2.531600191177042269e+00,-4.258828438091748214e-02,-3.509178016900779129e-01
2.513263618877978001e+00,-3.260106530134231906e-01,-3.942265889117823052e-01
2.467271606713087095e+00,-5.946571630772564676e-01,-4.306761479319806130e-01
2.395148753452251533e+00,-8.474760225238623379e-01,-4.547273329727775648e-01
2.298492562200910694e+00,-1.084362870093116493e+00,-4.641346169353371964e-01
2.178879133146362612e+00,-1.305943424128136465e+00,-4.605809977666172061e-01
2.037788041612548007e+00,-1.513359919738452186e+00,-4.490992138849821957e-01
1.876558110079505681e+00,-1.708037987421360038e+00,-4.363247697692190785e-01
1.696381269599568808e+00,-1.891394688837946925e+00,-4.280411410559114005e-01
1.500120325583082170e+00,-2.031511934695448218e+00,4.256175017038796304e-02
1.290718805044333450e+00,-2.149601990390507922e+00,1.249682758375837144e-01
1.070417830217697208e+00,-2.248904902384273541e+00,1.620052656758755594e-01
8.411265650441439590e-01,-2.329824938995368910e+00,2.053909115498580851e-01
6.047597417528387531e-01,-2.391175613967364555e+00,2.538665829608842683e-01
3.633901177751355238e-01,-2.430857848684700784e+00,3.016674485976150732e-01
1.193170952722633071e-01,-2.446273235815560554e+00,3.452357908344109161e-01
-1.249065474396544584e-01,-2.434663596611855496e+00,3.829722503478149020e-01
-3.664757481448426280e-01,-2.393469878686810048e+00,4.145997519699190503e-01
-6.023620237404545552e-01,-2.320719226042019301e+00,4.406746704629423972e-01
-8.293754623307887375e-01,-2.215389616953531871e+00,4.620304696438733982e-01
-1.044263439061590804e+00,-2.077684460383123266e+00,4.791777593749583231e-01
-1.243842420589256870e+00,-1.909174625552596760e+00,4.918990179676069330e-01
-1.425149395866574631e+00,-1.712805846082696926e+00,4.992687960835792138e-01
-1.585590969915085191e+00,-1.492787869878226426e+00,5.001289338638866822e-01
-1.723065688747117408e+00,-1.254362893719497274e+00,4.937811635626684348e-01
-1.836041411081196673e+00,-1.003429470613243391e+00,4.804905030354785778e-01
-1.923581280841288654e+00,-7.460330472728512463e-01,4.614580352324350043e-01
-1.985322297381815426e+00,-4.878244822587964324e-01,4.382374236823051161e-01
-2.021416572543421886e+00,-2.336431980130006525e-01,4.119465213807512738e-01
-2.032448657965410632e+00,1.267203873457652119e-02,3.827740076694067239e-01
-2.019343402906308427e+00,2.482611727901121168e-01,3.500780306645577822e-01
-1.983276440138636909e+00,4.711070696816895276e-01,3.129771794173689115e-01
-1.925594555879328817e+00,6.798795622247818526e-01,2.710384124629098279e-01
-1.847749061327353504e+00,8.738003479984025601e-01,2.246628900378720706e-01
-1.751243568430157049e+00,1.052523001678000503e+00,1.750106488911836455e-01
-1.637597338756290322e+00,1.216006804462299362e+00,1.235819122939244286e-01
-1.508325005237277638e+00,1.364372449143341326e+00,7.171602748730773746e-02
-1.364932375037193113e+00,1.497744944577579451e+00,2.024776295273053583e-02
-1.208926568124848666e+00,1.616102076937279142e+00,-3.055796214580400183e-02
-1.041837420260845137e+00,1.719151336091838678e+00,-8.080811357648545745e-02
-8.652460962094246089e-01,1.806254749469847765e+00,-1.306389346510147542e-01
-6.808162928825416405e-01,1.876412198927383645e+00,-1.798943495878521370e-01
-4.903233865210998577e-01,1.928303549971582376e+00,-2.279724189682045543e-01
-2.956774525028185163e-01,1.960382564205162437e+00,-2.739061236802992072e-01
-9.893698251694282852e-02,1.971012984353775144e+00,-3.166293672278018834e-01
9.768923989304245659e-02,1.958637068205076437e+00,-3.552842778707879789e-01
2.918546273746940312e-01,1.921964686093671437e+00,-3.894087704359200375e-01
4.811043421296801181e-01,1.860165094147022691e+00,-4.189183850526615460e-01
6.629238793442675526e-01,1.773037334293069867e+00,-4.439165691772447575e-01
8.348060776718571052e-01,1.661134858966928141e+00,-4.644572277347097655e-01
9.943318662418207943e-01,1.525827271605294078e+00,-4.803943616570062192e-01
1.139256166951488458e+00,1.369292091457235960e+00,-4.913914568124059246e-01
1.267588718443125373e+00,1.194435556693056233e+00,-4.970689199778713929e-01
1.377660925907526313e+00,1.004743726154973649e+00,-4.971878337352581001e-01
1.468172999400140899e+00,8.040718819399080841e-01,-4.917431940588993244e-01
1.538218737889309740e+00,5.963975049105857407e-01,-4.808959487994651782e-01
1.587287603237233169e+00,3.855810375363455944e-01,-4.647926104840013339e-01
1.615245858228451237e+00,1.751800616032815339e-01,-4.434221448511240782e-01
1.622300951086387499e+00,-3.166118675769540036e-02,-4.166486012986442278e-01
1.608955198919982843e+00,-2.322574325836923026e-01,-3.844260022769435681e-01
1.575955126869730716e+00,-4.243898585499296661e-01,-3.470526807235120303e-01
1.524241714224570998e+00,-6.062943438544740049e-01,-3.052805814272733231e-01
1.454905355549923840e+00,-7.766309231838698368e-01,-2.601927507189830679e-01
1.369148296395732656e+00,-9.344246784659252514e-01,-2.129156048469528495e-01
1.268256548093548375e+00,-1.078972932503757365e+00,-1.643266563470195119e-01
1.153582402148118469e+00,-1.209726761394944505e+00,-1.149035396392054376e-01
1.026537484688540003e+00,-1.326166271457445811e+00,-6.477031734979479816e-02
8.885949875705767553e-01,-1.427692873223673553e+00,-1.389779359363987887e-02
7.412985773689100277e-01,-1.513557709876961477e+00,3.764737150318606118e-02
5.862747447820026991e-01,-1.582836580862958309e+00,8.951860993800661581e-02
4.252451229105855823e-01,-1.634452200250999576e+00,1.410450063011861876e-01
2.600355482172227450e-01,-1.667237744649529896e+00,1.913331033869621611e-01
9.257918471355686130e-02,-1.680032519643021915e+00,2.394548070386715855e-01
-7.508840226028801190e-02,-1.671799733286549960e+00,2.846266164303753454e-01
-2.408439544226752549e-01,-1.641755205657148275e+00,3.262998230234001040e-01
-4.025024556317775559e-01,-1.589493290392774094e+00,3.641357183499803751e-01
-5.578551445328245872e-01,-1.515094105304317873e+00,3.979023206797717149e-01
-7.047191190122019666e-01,-1.419197316500995010e+00,4.273640992718225062e-01
-8.409959128077655333e-01,-1.303033109934787825e+00,4.522268857701118305e-01
-9.647340662248511389e-01,-1.168408027564480145e+00,4.721579779202426108e-01
-1.074189139688660033e+00,-1.017648149133684621e+00,4.868555973322469255e-01
-1.167874664991747524e+00,-8.535035654741475186e-01,4.961182736718922071e-01
-1.244599232851144821e+00,-6.790194742953766793e-01,4.998710077334845847e-01
-1.303487467861897509e+00,-4.973844593658400259e-01,4.981327676907579827e-01
-1.343985016487083906e+00,-3.117744906262755467e-01,4.909457676312979357e-01
-1.365849319421055030e+00,-1.252152549602547071e-01,4.783162842351299515e-01
-1.369128888476206507e+00,5.951984371466230439e-02,4.602202196882626550e-01
-1.354134304502756736e+00,2.399708611883538123e-01,4.366907892101846711e-01
-1.321404371615427786e+00,4.140170914278618608e-01,4.079449678802501422e-01
-1.271670895079951125e+00,5.798755666222862315e-01,3.744634418680260479e-01
-1.205825416713424802e+00,7.360765434247368288e-01,3.369545901766980434e-01
-1.124890858769254764e+00,8.814161798654253088e-01,2.962020528627274940e-01
-1.030000271689117008e+00,1.014887307994249310e+00,2.528704943200875688e-01
-9.223837502577911795e-01,1.135594715761057527e+00,2.073742043194382878e-01
-8.033632627690201478e-01,1.242668015193485465e+00,1.598809747317158914e-01
-6.743539090687022952e-01,1.335188894574983243e+00,1.104514591342490026e-01
-5.368692195576778570e-01,1.412148142410972751e+00,5.924311379967658886e-02
-3.925276440000857736e-01,1.472441719116014847e+00,6.674231581558526250e-03
-2.430573525227368581e-01,1.514906887652691436e+00,-4.653570402953124963e-02
-9.029677717351192179e-02,1.538392263334576571e+00,-9.946765448902997186e-02
6.381121621467733540e-02,1.541851695567862501e+00,-1.511887491564617714e-01
2.172331933020024142e-01,1.524450879797231151e+00,-2.009205633689915838e-01
3.678683342326516392e-01,1.485675591057694644e+00,-2.481043269178232757e-01
5.135816919278342052e-01,1.425429977988716734e+00,-2.923435760843801079e-01
6.522473032769042778e-01,1.344112921149049233e+00,-3.332793651811051250e-01
7.817993538987733082e-01,1.242661664193343674e+00,-3.704894609859091803e-01
9.002877484034181865e-01,1.122555499850830918e+00,-4.034800399177999042e-01
1.005933044172075741e+00,9.857771421503488396e-01,-4.317733438328811291e-01
1.097175427878033460e+00,8.347339739014091320e-01,-4.550298584479800512e-01
1.172713345354791548e+00,6.721455299790600746e-01,-4.731195341305652891e-01
1.231529030866525209e+00,5.009085105932110649e-01,-4.860880825147094741e-01
1.272899890920828447e+00,3.239560515979425515e-01,-4.940321322309496610e-01
1.296396191983717250e+00,1.441306705813650280e-01,-4.969593776916855221e-01
1.301866806799455434e+00,-3.591332234381298949e-02,-4.947267292755955781e-01
1.289415880452889240e+00,-2.137714807595296196e-01,-4.871062308588466339e-01
1.259374004292378224e+00,-3.873179336373004378e-01,-4.739480424150218640e-01
1.212267690981905011e+00,-5.547080154919133976e-01,-4.553425315461697709e-01
1.148790691295882516e+00,-7.143592823695393834e-01,-4.316757036333146447e-01
1.069780135830312062e+00,-8.649112385604970088e-01,-4.035324721356633448e-01
9.761996751510093606e-01,-1.005163495112875838e+00,-3.714940768293760742e-01
8.691306919802626041e-01,-1.133996766687484170e+00,-3.359428188237433277e-01
7.497713046255900515e-01,-1.250288575955062820e+00,-2.969896182438463983e-01
6.194414839930584282e-01,-1.352841258555672832e+00,-2.545761030654932755e-01
4.795914981067337379e-01,-1.440340151211838782e+00,-2.087064413328338086e-01
3.318103731388659661e-01,-1.511353739218441072e+00,-1.596859626464680881e-01
1.778312289455614703e-01,-1.564377423626156949e+00,-1.082294258932040842e-01
1.953106406145432850e-02,-1.597913081778955524e+00,-5.536716516571718594e-02
-1.410765333792338705e-01,-1.610571771678538378e+00,-2.191593614729786532e-03
-3.018566124825874386e-01,-1.601187282625003983e+00,5.041742059548934285e-02
-4.605767165832925780e-01,-1.568930556846489077e+00,1.019351334169041612e-01
-6.149402204055107735e-01,-1.513415618898666049e+00,1.521294641184053054e-01
-7.626298979110905929e-01,-1.434786077757612910e+00,2.008455231280475706e-01
-9.013614427240617122e-01,-1.333770508646038744e+00,2.477781888501436602e-01
-1.028944534642368902e+00,-1.211698017176090270e+00,2.923706390411763278e-01
-1.143346533172585167e+00,-1.070471361736079041e+00,3.338877540243555542e-01
-1.242752286977723886e+00,-9.125003305961599809e-01,3.716016281792730025e-01
-1.325613829006327515e+00,-7.405999993108577373e-01,4.049662829434436118e-01
-1.390685674090514690e+00,-5.578589978826170581e-01,4.336818759382577992e-01
-1.437043877142892834e+00,-3.674863923483792649e-01,4.576268290122510463e-01
-1.464088884618235165e+00,-1.726529953591564026e-01,4.767137257920478488e-01
-1.471533382431429837e+00,2.365146549771408868e-02,4.907635568660378977e-01
-1.459377335016388111e+00,2.187260318331530340e-01,4.994824906828182476e-01
-1.427873577316043141e+00,4.102213930098075889e-01,5.025689745576283896e-01
-1.377488480934719428e+00,5.961584909217271244e-01,4.998955433544932658e-01
-1.308862954492434172e+00,7.749076697357039079e-01,4.916447816051413566e-01
-1.222779080618633829e+00,9.451317160344209212e-01,4.782843146782579380e-01
-1.120136931878549236e+00,1.105694532305397493e+00,4.603540319953748350e-01
-1.001944520248250869e+00,1.255540732488432232e+00,4.381634117349858526e-01
-8.693215252434101092e-01,1.393560738249110420e+00,4.115813894540519824e-01
-7.235147778630974802e-01,1.518466678605073339e+00,3.800870478280796716e-01
-5.659210920105632869e-01,1.628709703586661783e+00,3.431259511849614752e-01
-3.981116614556079458e-01,1.722463299821475724e+00,3.006311348571654163e-01
-2.218523288001634786e-01,1.797679191921075281e+00,2.534187314258912194e-01
-3.911542706818793569e-02,1.852200151119239857e+00,2.031708310738647716e-01
1.479191515242026522e-01,1.883900795915245618e+00,1.519216914506590077e-01
3.368744384503237210e-01,1.890832103511952189e+00,1.012758164606973599e-01
5.251987049173203470e-01,1.871362938215211491e+00,5.180071394516247429e-02
7.102005247058678084e-01,1.824325964037028625e+00,2.978890229198366546e-03
8.890984612510581808e-01,1.749171828191782074e+00,-4.621979450383331689e-02
1.059087059117097995e+00,1.646115972684009554e+00,-9.647293082176769397e-02
1.217418211485804536e+00,1.516243160334431073e+00,-1.474732328713336538e-01
1.361492263137852321e+00,1.361532899891599646e+00,-1.979214406610313726e-01
1.488948675931407672e+00,1.184787829367545120e+00,-2.461379532473994269e-01
1.597744604763925436e+00,9.894745080921792946e-01,-2.908740168332900611e-01
1.686212400806235800e+00,7.795058698789122387e-01,-3.317740346404224328e-01
1.753092127481733264e+00,5.590002017648368904e-01,-3.692068691100419686e-01
1.797539656129168995e+00,3.320473434607061347e-01,-4.036348964286428087e-01
1.819113186333486398e+00,1.025052123801602627e-01,-4.349679004552032824e-01
1.817741636413086059e+00,-1.261591110732391274e-01,-4.622947847116068987e-01
1.793678576687161907e+00,-3.509789202071155745e-01,-4.841258451473368085e-01
1.747445960955066546e+00,-5.695497539408301835e-01,-4.990102876542908961e-01
1.679772916507230818e+00,-7.800449942872288434e-01,-5.062213803932894551e-01
1.591536086103302106e+00,-9.811804392153576915e-01,-5.061610264395685066e-01
1.483709024872319482e+00,-1.172118093820589957e+00,-5.002447542994775675e-01
1.357328153928229142e+00,-1.352302876946684274e+00,-4.902608361433965500e-01
1.213481025071069030e+00,-1.521240053111819757e+00,-4.774617267891986261e-01
1.053319031194553723e+00,-1.678242591230321823e+00,-4.618247910242462284e-01
8.780918926024149362e-01,-1.822199124881572319e+00,-4.419190381490213371e-01
6.891966126173910689e-01,-1.951423798945626453e+00,-4.155882721626983356e-01
4.882307487328345630e-01,-2.063636196153712632e+00,-3.812402482791102942e-01
2.770398966696285825e-01,-2.156078010556908175e+00,-3.390894579727162794e-01
5.775197035632939624e-02,-2.225719889263086948e+00,-2.915462386637602821e-01
-1.672054230950659193e-01,-2.269482899870602921e+00,-2.423187534863774639e-01
-3.951053355877875983e-01,-2.284422026967490638e+00,-1.945862238425678792e-01
-6.229395310438261557e-01,-2.267882061702302110e+00,-1.493087921568917731e-01
-8.474556741400729454e-01,-2.217688532101183441e+00,-1.048097058009222204e-01
-1.065217973371462401e+00,-2.132427607541425019e+00,-5.804379667040851509e-02
-1.272697519801211152e+00,-2.011794978938986844e+00,-6.857725439904843734e-03
-1.466396160669159565e+00,-1.856907133572283763e+00,4.822087090152646360e-02
-1.642998549710677603e+00,-1.670439093781215911e+00,1.039655413218082136e-01
-1.799532659161394266e+00,-1.456508367707810558e+00,1.563573313599658510e-01
-1.933507793662642138e+00,-1.220326764016613774e+00,2.031089037591965185e-01
-2.043001849122047631e+00,-9.677207090425402614e-01,2.449092943377689513e-01
-2.126687882362535476e+00,-7.046373110068292478e-01,2.844921377638723881e-01
-2.183811164095124546e+00,-4.367197782159612518e-01,3.244042370494452099e-01
-2.214136699282576615e+00,-1.689895128742568420e-01,3.651733333401477877e-01
-2.217881856760033799e+00,9.435799641612681310e-02,4.048805105729326170e-01
-2.195639519597137657e+00,3.500481550563011024e-01,4.400077214516596724e-01
-2.148293225976321885e+00,5.957273250716460522e-01,4.668973490806632709e-01
-2.076927693072295966e+00,8.298952409251113549e-01,4.831997153504329345e-01
-1.982741634674691555e+00,1.051799132926749314e+00,4.888303670537322843e-01
-1.866971887903886129e+00,1.261300630854083726e+00,4.860820045662376243e-01
-1.730837992204625531e+00,1.458701624508609518e+00,4.787718932748629141e-01
-1.575514702924097898e+00,1.644505762477700861e+00,4.706728415763973272e-01
-1.402136636944134596e+00,1.819108051658353764e+00,4.638142911896449005e-01
-1.211834648563941963e+00,1.982441500992093486e+00,4.573915874223385414e-01
-1.005798268987831756e+00,2.133653290075135267e+00,4.479119780773100912e-01
-7.853539715810058386e-01,2.270910048883639121e+00,4.307866037946251891e-01
-5.520472039083259563e-01,2.391411691056523736e+00,4.028490409361705771e-01
-3.077181367401229384e-01,2.491612183021342464e+00,3.645056810688122040e-01
-5.456503347979979601e-02,2.567541706357582498e+00,3.200188736140273660e-01
2.048084966932062212e-01,2.615081070789044837e+00,2.753004034076721451e-01
4.673668073395182976e-01,2.630113812706696308e+00,2.342380971530565181e-01
7.296430779303386682e-01,2.608636211912138236e+00,1.958569954319607509e-01
9.877774336191593729e-01,2.547017047111785004e+00,1.544672445882671885e-01
1.237603032381404455e+00,2.442551238594703022e+00,1.032401721878482836e-01
1.474787638893615860e+00,2.294243257547055492e+00,3.931720907647115459e-02
1.695029821287383553e+00,2.103529478937891994e+00,-3.290929816615065229e-02
1.894296418578082841e+00,1.874583809442373683e+00,-1.031006066348797712e-01
2.069071537462209065e+00,1.614006973274973111e+00,-1.607985848349048619e-01
2.216569787014488035e+00,1.329972112748133872e+00,-2.020463393361044135e-01
2.334861725620661410e+00,1.031126663483829864e+00,-2.316225740461465288e-01
2.422882968860077035e+00,7.256177786015544084e-01,-2.590360207081420230e-01
2.480341960733917439e+00,4.204797483678406889e-01,-2.919345586689107153e-01
2.507574574855094163e+00,1.213861424633309732e-01,-3.321004112912940842e-01
2.505394543697314624e+00,-1.673825394236631570e-01,-3.757273921514122650e-01
2.474963850083241823e+00,-4.428809184317616388e-01,-4.161806221952960572e-01
2.417681468525274546e+00,-7.033836993974899032e-01,-4.469983891716654556e-01
2.335080245439430158e+00,-9.482154127413481293e-01,-4.641160408141448146e-01
2.228728744317798771e+00,-1.177548118393796139e+00,-4.670940788163068236e-01
2.100145207071602904e+00,-1.392193619899593893e+00,-4.592170647797405580e-01
1.950735541760943770e+00,-1.593386498060312073e+00,-4.463722303027327643e-01
1.781765434721548802e+00,-1.782525812548698463e+00,-4.349376685438574031e-01
1.594371321538516018e+00,-1.960845414787986352e+00,-4.293169252245451206e-01
1.389608942998569852e+00,-2.129018395037923561e+00,-4.300049863631701941e-01
1.168532888763152755e+00,-2.286757702137552251e+00,-4.330667164480149767e-01
9.322964022113930938e-01,-2.432526880076063769e+00,-4.315808624531004556e-01
6.822588089120014132e-01,-2.563480538038332313e+00,-4.188320635401910907e-01
4.200892848695583215e-01,-2.675678101454142421e+00,-3.919218761757622405e-01
1.478591007215264153e-01,-2.764477621861348489e+00,-3.536756393447052504e-01
-1.318833725654600109e-01,-2.824915577425324287e+00,-3.111711824307735741e-01
-4.160616137751838028e-01,-2.851918975771649656e+00,-2.711388966910323051e-01
-7.010534627080418080e-01,-2.840386735183830780e+00,-2.348387306754037562e-01
-9.827188136202560376e-01,-2.785388202996871954e+00,-1.960671318766361859e-01
-1.256482518851102848e+00,-2.682758073092228912e+00,-1.445154987452827167e-01
-1.517477823208130294e+00,-2.530120512410002576e+00,-7.324112968088516973e-02
-1.760754325408628640e+00,-2.328000839035116343e+00,1.440162372223138809e-02
-1.981557063508452954e+00,-2.080491958957368936e+00,1.038795687746681684e-01
-2.174514160290127229e+00,-1.772994096595537750e+00,4.501130155665390431e-01
-2.335246843336859612e+00,-1.439207653796208186e+00,4.750600285175846649e-01
-2.461806431563826614e+00,-1.093142422264117508e+00,4.615752982585047404e-01
-2.553698518331614764e+00,-7.473614699567702191e-01,4.419310886156847529e-01
-2.611512257206698884e+00,-4.118800205340937270e-01,4.176408519310780276e-01
-2.636626678379028199e+00,-9.353233242717189089e-02,3.904749844101712553e-01
-2.630933956287363706e+00,2.038743660532079116e-01,3.618648595040622196e-01
-2.596599900612411638e+00,4.788652880699595937e-01,3.312022899208199034e-01
-2.535883866516317475e+00,7.314653780916787751e-01,2.963124038238714730e-01
-2.451017547356147297e+00,9.625096058751995143e-01,2.550625621161185519e-01
-2.344129590445366951e+00,1.173195275737327625e+00,2.068031896205678455e-01
-2.217204397393658155e+00,1.364840162404638013e+00,1.528283809261193615e-01
-2.072068666127026226e+00,1.538753236401894986e+00,9.579060274408388032e-02
-1.910401725006248386e+00,1.696133533058995502e+00,3.856816356396106094e-02
-1.733765424629486462e+00,1.837953504345738898e+00,-1.677551759256803998e-02
-1.543648438547273516e+00,1.964825024395430608e+00,-6.949898911179733241e-02
-1.341519508155928131e+00,2.076872672182738633e+00,-1.200320085777068224e-01
-1.128884324101220082e+00,2.173645804652045044e+00,-1.693218277236968883e-01
-9.073409720826310920e-01,2.254091347885615715e+00,-2.180096598030562272e-01
-6.786294099497436338e-01,2.316591867814564054e+00,-2.658267009033369321e-01
-4.446717828749859880e-01,2.359060709877757400e+00,-3.115049151072152300e-01
-2.076021634017701789e-01,2.379086551566136798e+00,-3.532491368979623347e-01
3.021504411598585627e-02,2.374129689565410040e+00,-3.895097157055388282e-01
2.661807122465840170e-01,2.341776224094227032e+00,-4.196159529347155415e-01
4.974771294423374624e-01,2.280041702465336328e+00,-4.439163959807209681e-01
7.211137092979906793e-01,2.187688576060255130e+00,-4.633729551678246183e-01
9.340087218344668152e-01,2.064502965222626329e+00,-4.788685858360902659e-01
1.133104835764020324e+00,1.911481699374108834e+00,-4.906254476300421219e-01
1.315505234349393371e+00,1.730904466429265431e+00,-4.980467466380541497e-01
1.478610016654228421e+00,1.526284793484238511e+00,-5.000652915923647912e-01
1.620233438068885423e+00,1.302192124579777177e+00,-4.958054672547805852e-01
1.738689163652257008e+00,1.063932473195860373e+00,-4.851524090378528387e-01
1.832837193022033073e+00,8.171046374998435224e-01,-4.688308239412261047e-01
1.902089564804852362e+00,5.671163462638711961e-01,-4.479194056835861248e-01
1.946375541583585056e+00,3.187897084279230353e-01,-4.231660274607530470e-01
1.966073987780669219e+00,7.614744150982118154e-02,-3.946224544327253669e-01
1.961927834668346637e+00,-1.576254252036763392e-01,-3.618330421757366411e-01
1.934956743398637435e+00,-3.801202752769070048e-01,-3.243733949624331148e-01
1.886378665884611561e+00,-5.896175648909453004e-01,-2.823252773151355699e-01
1.817544215242850258e+00,-7.850000627877450343e-01,-2.364031191862682457e-01
1.729884182883236310e+00,-9.656552567420250144e-01,-1.877316990650871598e-01
1.624870313639857233e+00,-1.131349976438790650e+00,-1.374723941036865293e-01
1.503990136955885237e+00,-1.282076297488175642e+00,-8.651429851483274924e-02
1.368736422465018476e+00,-1.417884999207934316e+00,-3.535164277282834555e-02
1.220610525058165585e+00,-1.538730467230028376e+00,1.584105621498363425e-02
1.061137253318933160e+00,-1.644348844511356100e+00,6.700203290751258201e-02
8.918876094411325450e-01,-1.734183464407758501e+00,1.179477101485514046e-01
7.145050834036350551e-01,-1.807362280296928470e+00,1.682145137325602169e-01
5.307311659467106590e-01,-1.862724704899797468e+00,2.170429919427004639e-01
3.424262768111210331e-01,-1.898892328349006897e+00,2.635056395665057449e-01
1.515831065985315806e-01,-1.914378810231274430e+00,3.067143621165610012e-01
-3.967000092844563675e-02,-1.907734891486866369e+00,3.460079180006755406e-01
-2.290778470812180334e-01,-1.877720549906856329e+00,3.810336325458888451e-01
-4.142817038523227691e-01,-1.823487488389545996e+00,4.116950226321262063e-01
-5.928592100672342990e-01,-1.744746651721907904e+00,4.380056900634156092e-01
-7.623813713569591588e-01,-1.641894281943466760e+00,4.599315704078702494e-01
-9.204842343927059911e-01,-1.516078471393422555e+00,4.772985175650416023e-01
-1.064949063713689581e+00,-1.369201067167932218e+00,4.897994937952699912e-01
-1.193781832476567439e+00,-1.203858497096613300e+00,4.970835402857102236e-01
-1.305282141402328344e+00,-1.023226022900894927e+00,4.988731851528126482e-01
-1.398093846554827602e+00,-8.308892946879443686e-01,4.950477678136547821e-01
-1.471233629580674718e+00,-6.306347884461819264e-01,4.856468065950946267e-01
-1.524097609951650556e+00,-4.262270800135718463e-01,4.707901681570757502e-01
-1.556448686196481690e+00,-2.212122505981286014e-01,4.505703731183910987e-01
-1.568388598394478750e+00,-1.877903305032384285e-02,4.250085769205566022e-01
-1.560319205337782345e+00,1.783145482085862210e-01,3.941349608693326401e-01
-1.532897492985606513e+00,3.677632412321754640e-01,3.581613227837107116e-01
-1.486988594032850886e+00,5.477049822211038643e-01,3.176291271116536974e-01
-1.423620795600989419e+00,7.166900550790077373e-01,2.734157875784671843e-01
-1.343946129938968115e+00,8.736282656276282976e-01,2.265709768592739370e-01
-1.249209453269763737e+00,1.017710648686543484e+00,1.780638376734298978e-01
-1.140727779877161341e+00,1.148308487282417856e+00,1.285733844101696055e-01
-1.019880198915602110e+00,1.264861762980167503e+00,7.842392486915880645e-02
-8.881072724664840212e-01,1.366775407752866434e+00,2.768689419122236095e-02
-7.469176516649544961e-01,1.453342019699976673e+00,-2.360981399650544099e-02
-5.978988747513038771e-01,1.523704510436814319e+00,-7.526793534794254392e-02
-4.427289627334458633e-01,1.576863992693146033e+00,-1.267975755995084663e-01
-2.831854944864595769e-01,1.611730262372716771e+00,-1.774369162405139699e-01
-1.211492365194712928e-01,1.627206825526663403e+00,-2.262918317141970059e-01
4.140005600300322719e-02,1.622299919418370484e+00,-2.725178484688611791e-01
2.023975286020409659e-01,1.596239900026411140e+00,-3.154528505176684705e-01
3.597181409776688543e-01,1.548602134959468968e+00,-3.546449975951776468e-01
5.112131306717293544e-01,1.479413240988701750e+00,-3.897841561110634290e-01
6.547571647115146831e-01,1.389228806692732965e+00,-4.205975655269230673e-01
7.883033962233327863e-01,1.279171906359863220e+00,-4.467814352448825632e-01
9.099417612715738901e-01,1.150926925445311388e+00,-4.680074170922391419e-01
1.017954824349634801e+00,1.006688298009903226e+00,-4.839901782913066386e-01
1.110865786930709032e+00,8.490676824900499353e-01,-4.945621994982555281e-01
1.187474682619834354e+00,6.809672807735988043e-01,-4.996974268701751543e-01
1.246880590484912510e+00,5.054330452632916915e-01,-4.994594954841505841e-01
1.288489338670250728e+00,3.255076333140143885e-01,-4.939042631698643548e-01
1.312007543774358576e+00,1.441040794895743216e-01,-4.830066289734321616e-01
1.317425049546440352e+00,-3.608590072752997091e-02,-4.666765450040674112e-01
1.304988825003584374e+00,-2.126468974020029878e-01,-4.448737429890999850e-01
1.275171928976725155e+00,-3.834648458610560584e-01,-4.177584981790946062e-01
1.228641155192104595e+00,-5.467297638105642621e-01,-3.857795060161680611e-01
1.166226580532606194e+00,-7.009188925756487665e-01,-3.496304295305111554e-01
1.088895621657490320e+00,-8.447586735588999973e-01,-3.100857650410208111e-01
9.977334075464010521e-01,-9.771650837606192797e-01,-2.678009451518806872e-01
8.939302852967992985e-01,-1.097167938056937020e+00,-2.231836422675900489e-01
7.787761623129051403e-01,-1.203831787820810684e+00,-1.764032694227896381e-01
6.536603275119021728e-01,-1.296189753260575062e+00,-1.275311343003170672e-01
5.200745933793218256e-01,-1.373205023631859811e+00,-7.673662085336477312e-02
3.796172017246346453e-01,-1.433768637102764254e+00,-2.443861650315173883e-02
2.339949652820068060e-01,-1.476734255263524753e+00,2.866233519578539890e-02
8.502147312203667262e-02,-1.500984061239406531e+00,8.168143037808558993e-02
-6.539033118126424959e-02,-1.505516317924848524e+00,1.337190836739619859e-01
-2.152424919391904279e-01,-1.489544033730785033e+00,1.840113369573213864e-01
-3.624743514117085841e-01,-1.452593910532679056e+00,2.319890020394364816e-01
-5.049936030634551987e-01,-1.394594353654653895e+00,2.772318790386049114e-01
-6.407162151252434601e-01,-1.315941574741044784e+00,3.193654297719871193e-01
-7.676140750948732272e-01,-1.217535095116055510e+00,3.579739519908099465e-01
-8.837674574240994563e-01,-1.100778284589896794e+00,3.925837415425615928e-01
-9.874178198077065982e-01,-9.675440836985967907e-01,4.227197191368458062e-01
-1.077015746545774144e+00,-8.201087925504851883e-01,4.479934974184897056e-01
-1.151259447715223816e+00,-6.610580168409595503e-01,4.681660754237765287e-01
-1.209120799877326791e+00,-4.931709322055210509e-01,4.831477484481280227e-01
-1.249857790368706256e+00,-3.192934666458421833e-01,4.929360187357855194e-01
-1.273013846334365207e+00,-1.422157184931497897e-01,4.975288618210197411e-01
-1.278405734534517224e+00,3.543038301273944424e-02,4.968683659839808753e-01
-1.266102591565275270e+00,2.112424412718246214e-01,4.908565387150315429e-01
-1.236399246650816908e+00,3.830854854442085622e-01,4.794416327703555636e-01
-1.189787309065265974e+00,5.490998402471215512e-01,4.627221602806014245e-01
-1.126927480663873604e+00,7.076834809865227838e-01,4.409932452984105522e-01
-1.048626199940670078e+00,8.574515812997346442e-01,4.146887470566323897e-01
-9.558189858151087126e-01,9.971754074865745165e-01,3.842392097159742503e-01
-8.495617106656629947e-01,1.125705808334019897e+00,3.499274594160536322e-01
-7.310296037774268729e-01,1.241892296237582682e+00,3.118386890232994757e-01
-6.015223416680630653e-01,1.344513719704816479e+00,2.699563671871726411e-01
-4.624724714829435701e-01,1.432237240224030428e+00,2.243709807189969430e-01
-3.154539129865618907e-01,1.503617172986750683e+00,1.754916121082981950e-01
-1.621874605312634277e-01,1.557135858232533421e+00,1.241293827589967369e-01
-4.540875254250176241e-03,1.591279417444849686e+00,7.138055653191596739e-02
1.554780404758042689e-01,1.604636366020847360e+00,1.835186331711544105e-02
3.157364299270366548e-01,1.596007664688062766e+00,-3.412631341343189129e-02
4.740003162922989954e-01,1.564519761893307104e+00,-8.563346211072900283e-02
6.279684166113839172e-01,1.509733108805396240e+00,-1.360593760929137697e-01
7.753164629584377021e-01,1.431736096560145333e+00,-1.853328892435143482e-01
9.137514473948928906e-01,1.331211222773267755e+00,-2.331466200581334969e-01
1.041073071394952310e+00,1.209460666744177848e+00,-2.788472279582282498e-01
1.155237402265038016e+00,1.068383610516866034e+00,-3.215554771445595650e-01
1.254416485104555390e+00,9.104050536101321311e-01,-3.604349120492261749e-01
1.337048093473140131e+00,7.383622826329093725e-01,-3.949364605859432276e-01
1.401871548008860380e+00,5.553599675324053520e-01,-4.248681343572019431e-01
1.447947583940873084e+00,3.646094609687756116e-01,-4.502561513957249462e-01
1.474661913327540042e+00,1.692718764807368825e-01,-4.710958063228690706e-01
1.481713450163710810e+00,-2.767551346856771122e-02,-4.871555091934826054e-01
1.469089474018904884e+00,-2.235364255054152482e-01,-4.979631797566997919e-01
1.437031321891463431e+00,-4.159528192378553757e-01,-5.029943943418447860e-01
1.385995233665211268e+00,-6.029252044223821771e-01,-5.019568584927230903e-01
1.316613512134751307e+00,-7.827985535740752399e-01,-4.949962711156646877e-01
1.229661148609024091e+00,-9.542124224170774882e-01,-4.826796216213767865e-01
1.126032444671764887e+00,-1.116013035808946841e+00,-4.657329486936748753e-01
1.006730767034962559e+00,-1.267131421189249929e+00,-4.446574095185386044e-01
8.728723514990948118e-01,-1.406443705699336855e+00,-4.194393498820377930e-01
7.257023227024279599e-01,-1.532641713408216200e+00,-3.895515224012174871e-01
5.666185001036169178e-01,-1.644146919066511225e+00,-3.543068921571591590e-01
3.971969471308567368e-01,-1.739093361708581975e+00,-3.134238613579373167e-01
2.192131581862850620e-01,-1.815385641736585010e+00,-2.674963947425911259e-01
3.465421081534780789e-02,-1.870815186760425464e+00,-2.180548582324536577e-01
-1.542805844508807755e-01,-1.903205062995400043e+00,-1.671055338421939818e-01
-3.451910762794170306e-01,-1.910558966712316620e+00,-1.163571234999213611e-01
-5.354994821363654456e-01,-1.891207796287970533e+00,-6.657329457391117367e-02
-7.224858526742627962e-01,-1.843960467142409465e+00,-1.745168730812199365e-02
-9.033376047494245942e-01,-1.768260948748013428e+00,3.188179427813050970e-02
-1.075215386840782328e+00,-1.664333727188168632e+00,8.206581371608021036e-02
-1.235335347893588009e+00,-1.533282514073995850e+00,1.328937709720701965e-01
-1.381062777146196519e+00,-1.377108746159825481e+00,1.832824980068278042e-01
-1.510006321456293543e+00,-1.198637954392255844e+00,2.318047404163888492e-01
-1.620099426670080112e+00,-1.001367635743504403e+00,2.773801063930630972e-01
-1.709658649474171677e+00,-7.892630199815312553e-01,3.196326273984294586e-01
-1.777415258717929492e+00,-5.665251458426397990e-01,3.587093439923120242e-01
-1.822522393338562141e+00,-3.373507428244481576e-01,3.947575775197930126e-01
-1.844541805816349411e+00,-1.057049176395069984e-01,4.274465758679281135e-01
-1.843412967899239030e+00,1.248683291288744251e-01,4.558165191217494749e-01
-1.819406415000809796e+00,3.513763125733840309e-01,4.785196514005275459e-01
-1.773064547397185331e+00,5.714402381165707423e-01,4.943397014716975901e-01
-1.705135847945359773e+00,7.832946562961086157e-01,5.027577050843586859e-01
-1.616510751860191997e+00,9.857310869751002569e-01,5.042778999647293814e-01
-1.508168121017407382e+00,1.177987043784985977e+00,5.002900679151122132e-01
-1.381140270913144841e+00,1.359577352467997491e+00,4.924461476079028399e-01
-1.236501932047538554e+00,1.530071363801486006e+00,4.817901551094462276e-01
-1.075384639691574273e+00,1.688838685408384555e+00,4.680683395329293672e-01
-8.990133522908616559e-01,1.834810425506290477e+00,4.496536848064874858e-01
-7.087576657618310794e-01,1.966319037551288451e+00,4.242944642753155859e-01
-5.061873640805585328e-01,2.081070947364298984e+00,3.904669743353065270e-01
-2.931223858080020950e-01,2.176263857849661143e+00,3.486469107813999768e-01
-7.167018186090090559e-02,2.248801099174109641e+00,3.016407591921276277e-01
1.557530528456803065e-01,2.295519458618289654e+00,2.535216174899862507e-01
3.864185843919016872e-01,2.313369561903952487e+00,2.075865071053211997e-01
6.172999140490407211e-01,2.299559702248222592e+00,1.645255636596373028e-01
8.451088800357939856e-01,2.251738288903810670e+00,1.220469873832062679e-01
1.066358180409255008e+00,2.168286235380612936e+00,7.638635040285177147e-02
1.277456065138278474e+00,2.048707961990812620e+00,2.491296340869095238e-02
1.474835110698383689e+00,1.894003614672756575e+00,-3.179009668191415394e-02
1.655107776144808973e+00,1.706857030451707891e+00,-8.984329149538897163e-02
1.815229519893341026e+00,1.491525901768506079e+00,-1.442463549713767501e-01
1.952641589058192295e+00,1.253441982315150360e+00,-1.919357142533872074e-01
2.065366735941561060e+00,9.986443839982416248e-01,-2.335054003337308226e-01
2.152043940031747482e+00,7.332140268491523782e-01,-2.723201145084043207e-01
2.211906474703534187e+00,4.628368145611839179e-01,-3.118558610981959633e-01
2.244721171325764431e+00,1.925336404927422973e-01,-3.533252561819654192e-01
2.250709403934902930e+00,-7.347943147019379839e-02,-3.949672690525264374e-01
2.230463692790354280e+00,-3.318556070164257465e-01,-4.329389517351575067e-01
2.184864616871621479e+00,-5.801363829896964974e-01,-4.629768362362131073e-01
2.114997562195718217e+00,-8.167289793535169595e-01,-4.820481982195207182e-01
2.022069963230280987e+00,-1.040837426726510140e+00,-4.894859119350246646e-01
1.907334533854195602e+00,-1.252341548829715601e+00,-4.872792426103816910e-01
1.772028148768687306e+00,-1.451614943840175309e+00,-4.793783244317398884e-01
1.617336652915652540e+00,-1.639272245805520223e+00,-4.701726974288621408e-01
1.444392703827356517e+00,-1.815846845795674236e+00,-4.626470118188211744e-01
1.254308193186573384e+00,-1.981427060243303950e+00,-4.569458905482025601e-01
1.048236506047543815e+00,-2.135316151710433985e+00,-4.500773369836440496e-01
8.274544181025254019e-01,-2.275810744070349223e+00,-4.371577109311007847e-01
5.934505482610521465e-01,-2.400182189428516466e+00,-4.139071758346136720e-01
3.480081580966400967e-01,-2.504875936083639232e+00,-3.792392531790272914e-01
9.327373854754550386e-02,-2.585840625786532065e+00,-3.363273928967746018e-01
-1.681935963229670428e-01,-2.638837272545876189e+00,-2.910936454820972630e-01
-4.333954802757566949e-01,-2.659627680388656046e+00,-2.486191330006849720e-01
-6.988948069771188099e-01,-2.644087149207494214e+00,-2.095892468247743390e-01
-9.608496892591100735e-01,-2.588421471218188330e+00,-1.693191464586238093e-01
-1.215088789121083090e+00,-2.489661223221451891e+00,-1.205639201283520701e-01
-1.457236249482203538e+00,-2.346420227074982989e+00,-5.881447104437600992e-02
-1.682893078661457986e+00,-2.159660733409291211e+00,1.332034771416598651e-02
-1.887874675095349675e+00,-1.933102517999133463e+00,8.613755595262770348e-02
-2.068481707448906803e+00,-1.673040268832290289e+00,1.481686371634605981e-01
-2.221746623953818833e+00,-1.387598058992688843e+00,1.935067099465140605e-01
-2.345583467056950866e+00,-1.085674631297754766e+00,2.253821329694386255e-01
-2.438804394614217053e+00,-7.759106500738771617e-01,2.530186456196003020e-01
-2.501028217901921202e+00,-4.659259461233899446e-01,2.848655278248867218e-01
-2.532539211187724071e+00,-1.618977142888892717e-01,3.238240285176442468e-01
-2.534141083690333751e+00,1.315834802536757775e-01,3.668916558919715909e-01
-2.507021090444990108e+00,4.114593304367789028e-01,4.077024008967055080e-01
-2.452623005848555415e+00,6.760065761215584557e-01,4.396142952449889618e-01
-2.372528096365940975e+00,9.245669845514025154e-01,4.581630156728334624e-01
-2.268348576983560072e+00,1.157288700335635800e+00,4.625407413852639094e-01
-2.141640925569691767e+00,1.374922926244849242e+00,4.558560558153698095e-01
-1.993846451634431860e+00,1.578650925162571772e+00,4.440261921248617183e-01
-1.826264762263291930e+00,1.769876221578348341e+00,4.335709661979859630e-01
-1.640062758452421443e+00,1.949927861839497956e+00,4.290400422495349586e-01
-1.438072342888878419e+00,2.087342518568432226e+00,-4.212417557573391869e-02
-1.223193884553127164e+00,2.202761472056232073e+00,-1.262578259239976186e-01
-9.977154005136947834e-01,2.299087583611489016e+00,-1.657829653534409753e-01
-7.636090271374762484e-01,2.376413331832841536e+00,-2.113042895284326372e-01
-5.228656645194813546e-01,2.433248195641221301e+00,-2.612168670276676652e-01
-2.776467104905575578e-01,2.467232861810875200e+00,-3.095326574750291160e-01
-3.035336674286193137e-02,2.475597265323351337e+00,-3.525214707852778462e-01
2.163458057586564731e-01,2.455530022493576325e+00,-3.887048125757327499e-01
4.595177183491705453e-01,2.404545766990187516e+00,-4.183048769200140571e-01
6.960017974327479262e-01,2.320864532949403980e+00,-4.425278158127535777e-01
9.224890144914617007e-01,2.203762534576805265e+00,-4.626304525897025899e-01
1.135643783000946705e+00,2.053835136497408342e+00,-4.790744181444540617e-01
1.332256349937960049e+00,1.873131095464831253e+00,-4.911787601829696870e-01
1.509402444950179056e+00,1.665145470703132125e+00,-4.974732375691398589e-01
1.664585561944211589e+00,1.434665215930942983e+00,-4.965860006866807952e-01
1.795844647330164356e+00,1.187448609736191818e+00,-4.881485559700752264e-01
1.901818591132694358e+00,9.297349195807756983e-01,-4.731013156235565065e-01
1.981763086149466835e+00,6.676580470425522718e-01,-4.531422364700939953e-01
2.035518330288937250e+00,4.067221586977732284e-01,-4.297102332035375172e-01
2.063434039464876690e+00,1.514864956031994336e-01,-4.032540241214209731e-01
2.066269111203601128e+00,-9.450929073421414361e-02,-3.732540025254965643e-01
2.045087512273136454e+00,-3.286626794049675726e-01,-3.388544978641380157e-01
2.001165794542717258e+00,-5.491761637951634301e-01,-2.995879039317489445e-01
1.935917557465852701e+00,-7.549316232615678190e-01,-2.557487649618411796e-01
1.850834036397831506e+00,-9.453704779538921743e-01,-2.083088090442589968e-01
1.747439387324272175e+00,-1.120358737376207836e+00,-1.585440666972860735e-01
1.627260867705194070e+00,-1.280027318580692297e+00,-1.076248624901242901e-01
1.491814785975488666e+00,-1.424597012949023744e+00,-5.634931756755637289e-02
1.342608053159289438e+00,-1.554208929152409491e+00,-5.091263363223991201e-03
1.181153326434418505e+00,-1.668782723305762383e+00,4.605802151341972794e-02
1.008994119559935676e+00,-1.767919601818890962e+00,9.703919563267046633e-02
8.277353251142611779e-01,-1.850858442078097577e+00,1.475831194413455838e-01
6.390743863013614856e-01,-1.916484813826077493e+00,1.970859766421167725e-01
4.448287948826383786e-01,-1.963387673806461509e+00,2.446552920915675278e-01
2.469564733712126259e-01,-1.989958596051236706e+00,2.893016482670799361e-01
4.756646692288080125e-02,-1.994530853619752131e+00,3.301814434005575505e-01
-1.510822937345406292e-01,-1.975554635586066476e+00,3.667724251560667836e-01
-3.465966763766357150e-01,-1.931796506602067476e+00,3.989013743551294011e-01
-5.364822643755833287e-01,-1.862539120443054808e+00,4.266224265439529928e-01
-7.181955172722169767e-01,-1.767749870168543902e+00,4.500198538750151966e-01
-8.892146305658716887e-01,-1.648191402454049603e+00,4.690397662398549938e-01
-1.047124415349801607e+00,-1.505460903484485025e+00,4.834296407171149168e-01
-1.189706163250256354e+00,-1.341958886856769562e+00,4.928034475437453876e-01
-1.315020960935968874e+00,-1.160792774919176873e+00,4.967882436289084991e-01
-1.421475817220993365e+00,-9.656176993304780298e-01,4.951715391891536866e-01
-1.507865953267901071e+00,-7.604194800968341328e-01,4.879674075518306564e-01
-1.573391584748751848e+00,-5.492617791704664798e-01,4.753575394236787544e-01
-1.617651380621977220e+00,-3.360411054358324878e-01,4.575384846324180854e-01
-1.640616898517381239e+00,-1.242973389007017565e-01,4.345830634256441227e-01
-1.642593179184879348e+00,8.289547980816876216e-02,4.064363845710329270e-01
-1.624170817518775012e+00,2.829665076412355984e-01,3.730804492000697747e-01
-1.586174452997821449e+00,4.738403033192513658e-01,3.347699260204802796e-01
-1.529612062513158621e+00,6.539055368669951518e-01,2.921736522865597818e-01
-1.455628958432306996e+00,8.219656432559289128e-01,2.463117952322971538e-01
-1.365469872103680204e+00,9.771662760965041938e-01,1.983119909986851004e-01
-1.260451613915764435e+00,1.118896300943834410e+00,1.491168809143442464e-01
-1.141947459087953698e+00,1.246669025275463971e+00,9.929319573319159153e-02
-1.011382860956010044e+00,1.360000257482706365e+00,4.902665841205586239e-02
-8.702406757292309170e-01,1.458304151672490390e+00,-1.709927096745250674e-03
-7.200730076800738733e-01,1.540825370571200059e+00,-5.290514102865020996e-02
-5.625161373785616536e-01,1.606618617774297375e+00,-1.042932048648640697e-01
-3.993048105910925738e-01,1.654577302849964182e+00,-1.552692597839292754e-01
-2.322824193960781880e-01,1.683505383756961349e+00,-2.049654079351103386e-01
-6.340415568998980511e-02,1.692222157259621218e+00,-2.524391090960352857e-01
1.052691853144993583e-01,1.679688311004667645e+00,-2.968732619384183424e-01
2.715885820298484798e-01,1.645140689683541657e+00,-3.376900325091148902e-01
4.333466338210765212e-01,1.588221584413044729e+00,-3.745368309478857016e-01
5.883201577621750555e-01,1.509086959994803356e+00,-4.071779490007064739e-01
7.343240280546208254e-01,1.408479181875813557e+00,-4.353734356458726085e-01
8.692724465345649243e-01,1.287754299292034110e+00,-4.588218874772379552e-01
9.912418697552285440e-01,1.148859894852387376e+00,-4.771944483386408864e-01
1.098529134445051403e+00,9.942643718699563093e-01,-4.902264243559538714e-01
1.189699214401986893e+00,8.268422928788793369e-01,-4.977962522847053650e-01
1.263618938127553992e+00,6.497256655580921914e-01,-4.999298646393387502e-01
1.319475007860604343e+00,4.661390577984699246e-01,-4.967188605254025946e-01
1.356776326918931908e+00,2.792429549386701848e-01,-4.882054486491514966e-01
1.375342058427595271e+00,9.200807252373961742e-02,-4.743226718078165094e-01
1.375278131789703373e+00,-9.286819590248478196e-02,-4.549523940489140772e-01
1.356945879067318561e+00,-2.730062885718373411e-01,-4.300844263259736566e-01
1.320926839167144928e+00,-4.463603436793450174e-01,-3.999814140211742641e-01
1.267987533638700537e+00,-6.112130452062382036e-01,-3.652364444301571256e-01
1.199047456564321434e+00,-7.661498061607333598e-01,-3.266712315185930082e-01
1.115152810403584827e+00,-9.100090632063065899e-01,-2.851206028883314092e-01
1.017457643942609735e+00,-1.041809098393411626e+00,-2.412174511259951581e-01
9.072129671552677799e-01,-1.160660013098998578e+00,-1.952908210755214535e-01
7.857632238668569302e-01,-1.265676823326044920e+00,-1.474262922531696385e-01
6.545484079330825544e-01,-1.355911982003793037e+00,-9.765307258261404777e-02
5.151093299094167133e-01,-1.430321947739060073e+00,-4.616067141833926635e-02
3.690932109562792274e-01,-1.487774573379702092e+00,6.562529257467669686e-03
2.182569028083831686e-01,-1.527095502337021182e+00,5.973313450268843972e-02
6.446547350043974056e-02,-1.547145554103218190e+00,1.124086297617477859e-01
-9.031557568593107099e-02,-1.546918356443345077e+00,1.636781326723831531e-01
-2.440358020930279981e-01,-1.525647005651475263e+00,2.128085849569697208e-01
-3.945841254462651992e-01,-1.482908334592823119e+00,2.592809575305022873e-01
-5.398227116628422362e-01,-1.418712878388957543e+00,3.027191761223545496e-01
-6.776303686678553095e-01,-1.333569176049433702e+00,3.427743056198079286e-01
-8.059538398719612307e-01,-1.228514073287680697e+00,3.790429805144793773e-01
-9.228634224900991168e-01,-1.105105658731224461e+00,4.110666756462774130e-01
-1.026607745840807384e+00,-9.653799439381441916e-01,4.384025633612605999e-01
-1.115662121142707131e+00,-8.117745948293501046e-01,4.607140358111604383e-01
-1.188765864831187402e+00,-6.470240544375248648e-01,4.778223502056516692e-01
-1.244945911420490825e+00,-4.740332341067309829e-01,4.896881153061610759e-01
-1.283526059747941206e+00,-2.957424829127487942e-01,4.963336598455992954e-01
-1.304122804139405511e+00,-1.150013121054095783e-01,4.977535303049148707e-01
-1.306629823207185348e+00,6.553252185656950612e-02,4.938727031429505088e-01
-1.291193973401118855e+00,2.434593316788118966e-01,4.845890021160766947e-01
-1.258186135002275607e+00,4.166691162730485343e-01,4.698831578473442461e-01
-1.208170474748077483e+00,5.833435169374537876e-01,4.499274980177102590e-01
-1.141875606564586088e+00,7.419327147710673698e-01,4.251124271184733017e-01
-1.060170720431519387e+00,8.911093068394267958e-01,3.959548480838702700e-01
-9.640489464439740974e-01,1.029701100633898525e+00,3.629290307334355203e-01
-8.546190127406554371e-01,1.156608916632305251e+00,3.263181450869961919e-01
-7.331047855020138559e-01,1.270721923257683406e+00,2.861848825855329848e-01
-6.008508501814955327e-01,1.370847799903257558e+00,2.424985680391270326e-01
-4.593312526969317577e-01,1.455674698586459703e+00,1.953653361869907845e-01
-3.101581051745079254e-01,1.523775596791818510e+00,1.452373976036039627e-01
-1.550869941822441422e-01,1.573655565339553641e+00,9.297227360158441534e-02
3.983200130884823054e-03,1.603833392513514644e+00,3.968712747100408555e-02
1.650177148145617334e-01,1.612944915007400004e+00,-1.352759836572584029e-02
3.258616923521084896e-01,1.599856569931793038e+00,-6.587915991399309612e-02
4.842653679800548172e-01,1.563780469453599720e+00,-1.169721605174852963e-01
6.379196450707300681e-01,1.504382661516640018e+00,-1.666809188549357723e-01
7.845025253141579835e-01,1.421873612026377520e+00,-2.148776527235166933e-01
9.217353699974304426e-01,1.317067597075854968e+00,-2.611880965620151374e-01
1.047445666773000106e+00,1.191399217583359649e+00,-3.049266266517928203e-01
1.159630794975581525e+00,1.046890948738640637e+00,-3.452474151169343530e-01
1.256516364669706176e+00,8.860726618441868707e-01,-3.814104438282522880e-01
1.336603508797935991e+00,7.118599026046420475e-01,-4.129905281639781878e-01
1.398701450662762191e+00,5.274027012061920372e-01,-4.398991063238152366e-01
1.441943729773181415e+00,3.359220373831915407e-01,-4.622119093294659864e-01
1.465788105017864495e+00,1.405550965187084000e-01,-4.799182991686353761e-01
1.470001511207875478e+00,-5.577107964851905908e-02,-4.927554426649837227e-01
1.454632784778548737e+00,-2.504264032675733165e-01,-5.002390447052650346e-01
1.419977097776138564e+00,-4.411244015368255833e-01,-5.018835332948913264e-01
1.366536851868792812e+00,-6.259335651161547220e-01,-4.974850268228269146e-01
1.294984062157030991e+00,-8.032562775014239209e-01,-4.872904246733728018e-01
1.206129041692357351e+00,-9.717736220925879964e-01,-4.719302071735756998e-01
1.100899432134458067e+00,-1.130354110225540554e+00,-4.521250049239969870e-01
9.803321504775833750e-01,-1.277931650455080836e+00,-4.283137759695253566e-01
8.455786128741770158e-01,-1.413370315016296397e+00,-4.004179556901635850e-01
6.979209951369645948e-01,-1.535344397261232396e+00,-3.679095180396149134e-01
5.387949761875063803e-01,-1.642265118670782842e+00,-3.302007211946335064e-01
3.698131374732822607e-01,-1.732275993773237710e+00,-2.871816708855564615e-01
1.927833938553240589e-01,-1.803319167460861516e+00,-2.396033081969025924e-01
9.718340535964875571e-03,-1.853254317470862889e+00,-1.890400033611473740e-01
-1.771665311249186470e-01,-1.880002184305255009e+00,-1.373874217205727499e-01
-3.654661535821779328e-01,-1.881691817599571381e+00,-8.614360580825067282e-02
-5.526106862516753093e-01,-1.856806439586496049e+00,-3.588840921959249308e-02
-7.359025611719716142e-01,-1.804331926927407403e+00,1.371731773169923563e-02
-9.125677202544821842e-01,-1.723904905427867229e+00,6.340629192059563102e-02
-1.079822901571149130e+00,-1.615940192310328039e+00,1.135815716564206601e-01
-1.234958052912912718e+00,-1.481706029459637586e+00,1.638520365660650346e-01
-1.375427774789597324e+00,-1.323321977475341749e+00,2.131073767224716808e-01
-1.498940728835475467e+00,-1.143674823033087984e+00,2.600430926781979180e-01
-1.603534669568745352e+00,-9.462671606847302685e-01,3.037419394933874583e-01
-1.687628507591322213e+00,-7.350200721714000851e-01,3.439114730922011587e-01
-1.750049112035026555e+00,-5.140487626485868988e-01,3.806634108169743014e-01
-1.790035189605101218e+00,-2.874294942836732036e-01,4.140462419565363872e-01
-1.807221563285954291e+00,-5.898165702867801119e-02,4.436593043366582334e-01
-1.801606193193178607e+00,1.679078206976941101e-01,4.685707731175722257e-01
-1.773502181680012280e+00,3.903979992267723742e-01,4.875811187788582357e-01
-1.723478781659493864e+00,6.062410141487840631e-01,4.997166507111739930e-01
-1.652297929699442003e+00,8.137695681831703665e-01,5.047216595888056601e-01
-1.560854523047942033e+00,1.011831436286923624e+00,5.032763597905994812e-01
-1.450128850527787394e+00,1.199670804347043207e+00,4.967595638809666481e-01
-1.321158223406686760e+00,1.376754160829882556e+00,4.865930475007002043e-01
-1.175032059521479377e+00,1.542548216205717138e+00,4.734476527209520169e-01
-1.012910707162813617e+00,1.696277609601308134e+00,4.567306525098001613e-01
-8.360637772822550051e-01,1.836712266149250317e+00,4.347215796987268233e-01
-6.459198542248023589e-01,1.962044182889002064e+00,4.054527837493918652e-01
-4.441176261758912336e-01,2.069896763868366740e+00,3.680027174122056932e-01
-2.325494933183940294e-01,2.157464155626606761e+00,3.234888040468949510e-01
-1.339178550501451959e-02,2.221725267132961257e+00,2.750254562601018860e-01
2.108810657491140272e-01,2.259656197442798220e+00,2.264311684612011211e-01
4.374992980981502466e-01,2.268398803549674270e+00,1.802967586749029960e-01
6.634186712404541719e-01,2.245410538409933210e+00,1.365868588309833986e-01
8.853624536256361477e-01,2.188665173104978656e+00,9.276065809167097220e-02
1.099889748655247468e+00,2.096950531930609429e+00,4.549914281867981081e-02
1.303495068358538456e+00,1.970225805676457886e+00,-6.938071514924676331e-03
1.492738835767325911e+00,1.809917410897003753e+00,-6.323322633409947380e-02
1.664398528829157398e+00,1.619014792519559043e+00,-1.194904556474593316e-01
1.815619416725616109e+00,1.401894615364388974e+00,-1.715033240676266113e-01
1.944038569848615561e+00,1.163911101402090642e+00,-2.172920703746658300e-01
2.047860764827669211e+00,9.108748889339252086e-01,-2.580555032506605118e-01
2.125878730875637501e+00,6.485599487947605324e-01,-2.968885170510385807e-01
2.177445434114804179e+00,3.823304741032965137e-01,-3.363781426735644731e-01
2.202414958044780491e+00,1.169062191687205293e-01,-3.768236824929768192e-01
2.201068348104775474e+00,-1.437663473644709700e-01,-4.159823115251742864e-01
2.174034523939992525e+00,-3.965767091018863044e-01,-4.500937414617541821e-01
2.122209631597394619e+00,-6.392669307557562464e-01,-4.754479213403161042e-01
2.046675473480402907e+00,-8.704047333889609606e-01,-4.898377734348048351e-01
1.948619721757147261e+00,-1.089308157888007722e+00,-4.934317205103130322e-01
1.829264873486151854e+00,-1.295913379155747558e+00,-4.887681459051452793e-01
1.689815774996875630e+00,-1.490575042654102456e+00,-4.798131335490413152e-01
1.531434966401501896e+00,-1.673793231353775335e+00,-4.703551310046495404e-01
1.355251203526765647e+00,-1.845878604862836392e+00,-4.623193051312145530e-01
1.162400687791972587e+00,-2.006597733883119794e+00,-4.547336185726510438e-01
9.540943797214797018e-01,-2.154875096958285496e+00,-4.439675539839785801e-01
7.316999907663728209e-01,-2.288644200526572803e+00,-4.254147380373939358e-01
4.968255818392026679e-01,-2.404909521648107784e+00,-3.960295582388698721e-01
2.513937190631660989e-01,-2.499997632192446417e+00,-3.563846624593668411e-01
-2.300877724440875127e-03,-2.569884266050304511e+00,-3.108084695567231437e-01
-2.615540824670761211e-01,-2.610460606675907513e+00,-2.650978138919884985e-01
-5.232384937521190604e-01,-2.617687335911678126e+00,-2.229049100091603786e-01
-7.838171051463806993e-01,-2.587729926099465061e+00,-1.830893241970034391e-01
-1.039390907799434105e+00,-2.517254448193467553e+00,-1.400950799088934995e-01
-1.285788660316786514e+00,-2.403991752310945529e+00,-8.763452547527098013e-02
-1.518707171586323623e+00,-2.247470570649296562e+00,-2.362044489173800721e-02
-1.733906913627749846e+00,-2.049628141377480617e+00,4.705136613933799672e-02
-1.927454860222279853e+00,-1.814990575789863891e+00,1.143952711160477198e-01
-2.095979172283587211e+00,-1.550294578622834374e+00,1.693046623695221020e-01
-2.236872918129551024e+00,-1.263665233349455130e+00,2.094212192444427634e-01
-2.348389264475991389e+00,-9.636213986251168651e-01,2.401494928662327444e-01
-2.429617335517995969e+00,-6.581903567028019042e-01,2.701444477383557752e-01
-2.480377644789029112e+00,-3.542995029337474011e-01,3.054166446197353890e-01
-2.501088291260896490e+00,-5.746213634819434535e-02,3.464100611387789241e-01
-2.492631925136742588e+00,2.283052648417099317e-01,3.888110365239992872e-01
-2.456229987769846801e+00,5.003937755140411836e-01,4.262194936191815442e-01
-2.393322857604853304e+00,7.573953960415592546e-01,4.528923549640450075e-01
-2.305457745804179837e+00,9.988540045571187020e-01,4.657883516762478804e-01
-2.194190450889925259e+00,1.225042688977866723e+00,4.655999118913410895e-01
-2.061008663325126555e+00,1.436782932359379705e+00,4.565125548582312787e-01
-1.907283922846034097e+00,1.635263470823174137e+00,4.446774695156489043e-01
-1.734257190157707074e+00,1.821798324192533292e+00,4.358503719621279471e-01
-1.543059646047247435e+00,1.997490430492055102e+00,4.330251903938159286e-01
-1.334766275265877988e+00,2.162823071781369677e+00,4.349933383319591895e-01
-1.110475502276029980e+00,2.317265697355940013e+00,4.365835592708745549e-01
-8.714046157110371116e-01,2.459024754223569253e+00,4.308408622651666020e-01
-6.189899755835066575e-01,2.585051011343194372e+00,4.125006084693890740e-01
-3.549839953840312479e-01,2.691308381200432365e+00,3.810535843526022814e-01
-8.154458755425175731e-02,2.773164361594658178e+00,3.413192849610940938e-01
1.986875678763946329e-01,2.825697890716939664e+00,3.005568083508006749e-01
4.825334151874847155e-01,2.843824946783316321e+00,2.634149434808649159e-01
7.662565698022933969e-01,2.822368800213883588e+00,2.279115585355960538e-01
1.045598577585458822e+00,2.756373306315381910e+00,1.856064101752846474e-01
1.315882980712798966e+00,2.641889398727030880e+00,1.268167917761634234e-01
1.572193288237630160e+00,2.477138518807382894e+00,4.824027006698625164e-02
1.809618550822642558e+00,2.263597975966582965e+00,-4.210706613997419745e-02
2.023552246688520739e+00,2.006462174525285747e+00,-1.270925252716611775e-01
2.208925444582665598e+00,1.694748209292194607e+00,-4.568123095927748567e-01
2.361846947684171028e+00,1.359843350836784870e+00,-4.782281419772235198e-01
2.480591824987353089e+00,1.015605388142182042e+00,-4.595674806221953235e-01
2.564880646294349198e+00,6.738145001204517426e-01,-4.366265636560388019e-01
2.615489731267500062e+00,3.434786262965142112e-01,-4.117565870786182858e-01
2.633924913331513462e+00,3.064208505993611109e-02,-3.844818347932498215e-01
2.622134539174856727e+00,-2.612746036054025001e-01,-3.540424626819006493e-01
2.582289648101391499e+00,-5.308791902192188106e-01,-3.195237440167392196e-01
2.516631964891054452e+00,-7.781831005202183293e-01,-2.801447506415871702e-01
2.427369394234166755e+00,-1.004056489906430594e+00,-2.356134771309303100e-01
2.316603698662301092e+00,-1.209805504683910238e+00,-1.864160699935741017e-01
2.186286837229557634e+00,-1.396874143549695413e+00,-1.338289748877815877e-01
2.038206909930378785e+00,-1.566642311694502299e+00,-7.955781996083746699e-02
1.874002165756651017e+00,-1.720280791573055135e+00,-2.517465086936457319e-02
1.695197483338437561e+00,-1.858634835310544853e+00,2.833409961826557910e-02
1.503255518803186863e+00,-1.982127941856062003e+00,8.068091638743166150e-02
1.299634751429718404e+00,-2.090691530783407970e+00,1.320289551878584822e-01
1.085847883715159501e+00,-2.183728236828040181e+00,1.825409752434933031e-01
8.635155298254810763e-01,-2.260110200305883055e+00,2.319629799464973663e-01
6.344116939055404192e-01,-2.318209333399178007e+00,2.794479185745001315e-01
4.004992481104980850e-01,-2.355962498968991348e+00,3.237068448735510584e-01
1.639548473104881499e-01,-2.370988208632732075e+00,3.634146847643248135e-01
-7.281765764704117849e-02,-2.360778266918241997e+00,3.976657638127772953e-01
-3.071885646125680491e-01,-2.322973258492210036e+00,4.262450910561551565e-01
-5.363245979717123912e-01,-2.255696346258401874e+00,4.495758969878903555e-01
-7.572393932034462427e-01,-2.157886079985461336e+00,4.683683912894548440e-01
-9.668768485481791242e-01,-2.029560011651691198e+00,4.831440269910370899e-01
-1.162225490814652984e+00,-1.871963852685310181e+00,4.938759057305287525e-01
-1.340453195290883803e+00,-1.687597861430147228e+00,4.999376673661072301e-01
-1.499043628692149133e+00,-1.480133144715742199e+00,5.004048097330081601e-01
-1.635912734324542095e+00,-1.254220697866477829e+00,4.945655094237747518e-01
-1.749488015179218481e+00,-1.015178551289706244e+00,4.823602524810394199e-01
-1.838743112311717498e+00,-7.685632083526369174e-01,4.644716534017970799e-01
-1.903189631775306312e+00,-5.196984853293128426e-01,4.419757480019751439e-01
-1.942834029310887667e+00,-2.732863203505841443e-01,4.157586155155240659e-01
-1.958110378374386729e+00,-3.319535314480341615e-02,3.860815625824994823e-01
-1.949800980182007537e+00,1.975682398429439712e-01,3.525831409806937655e-01
-1.918955462340502516e+00,4.167776956237554953e-01,3.147005389286289256e-01
-1.866815672584883901e+00,6.228691839499037597e-01,2.722154852981856221e-01
-1.794750435796325982e+00,8.148318729403739580e-01,2.255825572738626439e-01
-1.704202569857895755e+00,9.921038054907550530e-01,1.758796970376391433e-01
-1.596649985935644667e+00,1.154456971998264470e+00,1.244628053938850731e-01
-1.473582065835222332e+00,1.301862081318743369e+00,7.254383112464321548e-02
-1.336491329467299538e+00,1.434338974863569538e+00,2.090108383277819448e-02
-1.186878952631979844e+00,1.551810534590282620e+00,-3.017268518445806458e-02
-1.026271383403413617e+00,1.653981884966771565e+00,-8.069916029407156466e-02
-8.562443311593279649e-01,1.740263262143817213e+00,-1.307238538573730902e-01
-6.784498276931627547e-01,1.809746831615123508e+00,-1.800465969543242617e-01
-4.946419734785785227e-01,1.861238600826102596e+00,-2.280941713855650088e-01
-3.066974297199573929e-01,1.893339856472203708e+00,-2.739870117364989754e-01
-1.166274876617203748e-01,1.904569655851774845e+00,-3.167580092595524421e-01
7.342081702594627224e-02,1.893518957745617959e+00,-3.556064483609350235e-01
2.611768809660464097e-01,1.859024525177824350e+00,-3.900571969458727084e-01
4.442742845586773459e-01,1.800345496803998691e+00,-4.199547197813550126e-01
6.202956381222499704e-01,1.717320506679166803e+00,-4.453166675168277466e-01
7.868338408065220779e-01,1.610483209968812224e+00,-4.661437763824692881e-01
9.415656514590904358e-01,1.481120542335183421e+00,-4.822931699703502106e-01
1.082330179867303954e+00,1.331267061747533509e+00,-4.934745328533188813e-01
1.207203397387862642e+00,1.163634814773052417e+00,-4.993555108961117428e-01
1.314560725214581893e+00,9.814809815458128694e-01,-4.997009094816330377e-01
1.403122346420796918e+00,7.884213271342516149e-01,-4.944500775724957053e-01
1.471978593477652808e+00,5.882110543860451513e-01,-4.836770271407050403e-01
1.520594856805837392e+00,3.845296536250265018e-01,-4.674662230693843457e-01
1.548797332671563609e+00,1.808080814111610590e-01,-4.458147810232456765e-01
1.556742964500736459e+00,-1.988151555327292985e-02,-4.186669763192983895e-01
1.544878618193938014e+00,-2.148793779970185613e-01,-3.860870056591468868e-01
1.513895074769187055e+00,-4.019552504023719552e-01,-3.484569679614085702e-01
1.464680800628969770e+00,-5.793043534749245937e-01,-3.065506469798907618e-01
1.398279371336265786e+00,-7.455232166504083269e-01,-2.614122520644076575e-01
1.315853449862359748e+00,-8.995578670181078040e-01,-2.140983606826810937e-01
1.218657368612002578e+00,-1.040620619632813382e+00,-1.654233047572236937e-01
1.108019399775341585e+00,-1.168083004548654324e+00,-1.158358647317971057e-01
9.853336402805892291e-01,-1.281362530229485097e+00,-6.547427175682432599e-02
8.520602353597852563e-01,-1.379824515492661385e+00,-1.435587288425668739e-02
7.097316486763225463e-01,-1.462716628364722604e+00,3.739755917148354647e-02
5.599620353839380726e-01,-1.529145801841329311e+00,8.940199843020021908e-02
4.044565683072831597e-01,-1.578098574630918849e+00,1.409834811909032870e-01
2.450177746796906586e-01,-1.608499575353735667e+00,1.912793094103716063e-01
8.354640485833209063e-02,-1.619299759096926694e+00,2.394085867479301688e-01
-7.796515459921482538e-02,-1.609584825142713393e+00,2.846267802507850275e-01
-2.374485402878023788e-01,-1.578692906594527878e+00,3.263973392238551652e-01
-3.927854115569415772e-01,-1.526328425020589075e+00,3.643639905527845668e-01
-5.418443952989113743e-01,-1.452657513449278293e+00,3.982604615745611865e-01
-6.825282768829430413e-01,-1.358371941169087771e+00,4.278203517517721322e-01
-8.128288146496995825e-01,-1.244713497229863686e+00,4.527373855425861349e-01
-9.308845499007036839e-01,-1.113456987437814627e+00,4.726881280484417358e-01
-1.035035746295968950e+00,-9.668542603211048858e-01,4.873914929226782489e-01
-1.123870761808090757e+00,-8.075433360345486422e-01,4.966628018291697755e-01
-1.196259695369781051e+00,-6.384284450726039895e-01,5.004289115362848817e-01
-1.251373364119747089e+00,-4.625414089691892161e-01,4.986960907668230858e-01
-1.288687727952260831e+00,-2.829010176856351921e-01,4.914918634332633429e-01
-1.307975347002407362e+00,-1.023895985567585959e-01,4.788233340271784710e-01
-1.309286345371859506e+00,7.633897542035390782e-02,4.606926414778013124e-01
-1.292921840786925403e+00,2.509156084155284572e-01,4.371769575345137993e-01
-1.259403024209994948e+00,4.192807397861385010e-01,4.085308542979174673e-01
-1.209439108017157816e+00,5.796836901456180469e-01,3.752394515945337572e-01
-1.143897210018019139e+00,7.306599018812621749e-01,3.379704179472423631e-01
-1.063776825746548527e+00,8.709867209903324747e-01,2.974337469316904459e-01
-9.701907769053177422e-01,9.996196525299082536e-01,2.542189924070211715e-01
-8.643534418721599000e-01,1.115616018820967836e+00,2.086988187516521653e-01
-7.475758630088880086e-01,1.218058496563047433e+00,1.610537419855074537e-01
-6.212662389009449004e-01,1.305993689013738246e+00,1.114076394681998428e-01
-4.869335473926887925e-01,1.378399009350537829e+00,6.000419476704163535e-02
-3.461916936832130087e-01,1.434185338645648455e+00,7.332329622196848140e-03
-2.007616108115761744e-01,1.472235577959848607e+00,-4.586444012421000971e-02
-5.246904338740354667e-02,1.491473125588033577e+00,-9.869728640257693919e-02
9.676384307384444661e-02,1.490951006847868632e+00,-1.502982530806110939e-01
2.449344958544161788e-01,1.469951375425388340e+00,-1.999529440513231615e-01
3.899847417001713890e-01,1.428084781378037738e+00,-2.471342033032747632e-01
5.298348070169700552e-01,1.365378042703568218e+00,-2.914344177910496159e-01
6.624260929663658981e-01,1.282339442285298281e+00,-3.324554789645112196e-01
7.857706970718707495e-01,1.179991627371279383e+00,-3.697367652948077010e-01
8.980040452348110325e-01,1.059866311361044700e+00,-4.027710524797597502e-01
9.974359062706503742e-01,9.239595084127997238e-01,-4.310972781851002411e-01
1.082595007871244075e+00,7.746503257383546837e-01,-4.544069824123521117e-01
1.152263440271871886e+00,6.145903894156709013e-01,-4.725906245931464911e-01
1.205498545364740437e+00,4.465755826229516612e-01,-4.856871960260288335e-01
1.241641539566190389e+00,2.734161889183306937e-01,-4.937627324568484299e-01
1.260313501815057968e+00,9.782278671418238869e-02,-4.967923040660809919e-01
1.261400577460894956e+00,-7.767913803305519227e-02,-4.946241165338750578e-01
1.245031246234731492e+00,-2.508014490938387797e-01,-4.870572391378377164e-01
1.211549108822212339e+00,-4.195157567558160383e-01,-4.739922077878492290e-01
1.161484765973822775e+00,-5.820517544958258016e-01,-4.555619940937819523e-01
1.095530068694958281e+00,-7.368749599652951732e-01,-4.321557451849901144e-01
1.014517425230542891e+00,-8.826443271399667667e-01,-4.043095860873410219e-01
9.194059916985450887e-01,-1.018150701915082168e+00,-3.725203132198561251e-01
8.112754362569961630e-01,-1.142241959005991569e+00,-3.370890186242806452e-01
6.913266350550280048e-01,-1.253747237632542921e+00,-2.980915007802212857e-01
5.608873713614439538e-01,-1.351416940694121438e+00,-2.555049016273730489e-01
4.214201852043020224e-01,-1.433894089573979125e+00,-2.094305729745161992e-01
2.745292052585412979e-01,-1.499725953911357879e+00,-1.602907325812214234e-01
1.219631300915644534e-01,-1.547415364553131001e+00,-1.088803600804385818e-01
-3.438769275812147974e-02,-1.575503144365538732e+00,-5.623173142013118686e-02
-1.925012966743533394e-01,-1.582669774404725560e+00,-3.357956031867420643e-03
-3.502419171719568514e-01,-1.567845314714236382e+00,4.898275266824012042e-02
-5.053862310843697525e-01,-1.530318369571345594e+00,1.003700965759673769e-01
-6.556587906109181407e-01,-1.469834670516857011e+00,1.506124827187658999e-01
-7.987771741686351401e-01,-1.386674167789552437e+00,1.995226729636766227e-01
-9.325061536934280415e-01,-1.281695542152867739e+00,2.467206291833104748e-01
-1.054718017764568971e+00,-1.156340915467339636e+00,2.915792212114877158e-01
-1.163453941128323121e+00,-1.012599677514538721e+00,3.333315452984731975e-01
-1.256980169070729625e+00,-8.529349343346713797e-01,3.712590743792770764e-01
-1.333833448792592913e+00,-6.801773975315762444e-01,4.048422006837552045e-01
-1.392852128967329017e+00,-4.973922381546406757e-01,4.337941065826339537e-01
-1.433191521180105399e+00,-3.077284090044775655e-01,4.579771883659685683e-01
-1.454323687221622530e+00,-1.142667869972805866e-01,4.772667475787909508e-01
-1.456022880602155789e+00,8.011236030486641735e-02,4.914513240492465185e-01
-1.438338946014577902e+00,2.728255212222857051e-01,5.002384394879538787e-01
-1.401562256107390825e+00,4.616380649410112835e-01,5.033743036234125112e-01
-1.346184933741640721e+00,6.446733860610133204e-01,5.008084670439342245e-01
-1.272863742083921723e+00,8.203831200630878895e-01,4.927857017731110956e-01
-1.182389879268991750e+00,9.874812146532095936e-01,4.797715886288312914e-01
-1.075669912932756711e+00,1.144844564131940912e+00,4.622153557720406480e-01
-9.537202523469752169e-01,1.291388113178612462e+00,4.402698966954287085e-01
-8.176750621307224964e-01,1.425932206174068240e+00,4.136513030683371950e-01
-6.688048224224127924e-01,1.547089523345241302e+00,3.817794147988874398e-01
-5.085405381580943018e-01,1.653201371572291967e+00,3.441977106886920934e-01
-3.384976044613730028e-01,1.742343462175143243e+00,3.010851565503739335e-01
-1.604938632337822302e-01,1.812401072943676583e+00,2.535535370068754402e-01
2.344191004153839408e-02,1.861192537236625588e+00,2.034799230233684530e-01
2.110728445387033414e-01,1.886611602024148349e+00,1.528730379592360966e-01
3.999685215795516502e-01,1.886768988789276902e+00,1.030826110848045152e-01
5.875314280229699815e-01,1.860132378445713774e+00,5.431438150416298405e-02
7.710363558237631754e-01,1.805674261525223256e+00,5.771764415421681838e-03
9.476846491022403729e-01,1.723027749642246809e+00,-4.362651679427034801e-02
1.114674535139237532e+00,1.612627962024122175e+00,-9.437029424298262748e-02
1.269285601575897982e+00,1.475799836787691666e+00,-1.458581620589828598e-01
1.408970590596236860e+00,1.314757433099851047e+00,-1.965835053005672572e-01
1.531443671616750990e+00,1.132503929243190433e+00,-2.448721226415219443e-01
1.634753891880790011e+00,9.326500158337188706e-01,-2.896658665398536003e-01
1.717336034294012492e+00,7.191852494841305399e-01,-3.308279667425370052e-01
1.778036359225245500e+00,4.962380143090728279e-01,-3.688073009694835536e-01
1.816114744890076516e+00,2.678516759576775041e-01,-4.039464404623674953e-01
1.831226418845501414e+00,3.779484583764854133e-02,-4.359064273723421978e-01
1.823386675059709194e+00,-1.905847975604563760e-01,-4.635402910075728800e-01
1.792922075867857234e+00,-4.144603632234302171e-01,-4.852633312155535394e-01
1.740412333042494542e+00,-6.315795233409834397e-01,-4.997255290706777986e-01
1.666628335883050038e+00,-8.402700971512367945e-01,-5.064580731127651392e-01
1.572473270335261297e+00,-1.039389932838958197e+00,-5.061624517386081878e-01
1.458934762226235193e+00,-1.228211472553139894e+00,-5.004503962741938539e-01
1.327055601281867947e+00,-1.406238114641111148e+00,-4.910914166535792491e-01
1.177928269126514937e+00,-1.572965871797965542e+00,-4.790827134806622256e-01
1.012714334779376113e+00,-1.727626002003092021e+00,-4.640061633493789417e-01
8.326847127431884488e-01,-1.868964463431313172e+00,-4.440888675413009468e-01
6.392723117211470685e-01,-1.995120053172146024e+00,-4.170985069920237764e-01
4.341263696278128137e-01,-2.103642148239895704e+00,-3.817406628664105073e-01
2.191586231363178428e-01,-2.191640388892722058e+00,-3.388027409924535549e-01
-3.425306891609913862e-03,-2.256006020420407765e+00,-2.912427699049732199e-01
-2.311121950057708485e-01,-2.293626916783961356e+00,-2.429429422478267819e-01
-4.610855754302660703e-01,-2.301556659776117897e+00,-1.967132940696930954e-01
-6.902483474828537968e-01,-2.277168150030112415e+00,-1.527575857474633703e-01
-9.152657033629540972e-01,-2.218365727134463228e+00,-1.086828811079431356e-01
-1.132633383590915033e+00,-2.123901058309037637e+00,-6.121974367069529799e-02
-1.338777573339262839e+00,-1.993747738421945082e+00,-8.659984772966172750e-03
-1.530189043231575008e+00,-1.829403805417799456e+00,4.760724274549485435e-02
-1.703583265494271304e+00,-1.633980496134294080e+00,1.036409189791481500e-01
-1.856062947924408180e+00,-1.412013531107568776e+00,1.553535327029987589e-01
-1.985249659356622010e+00,-1.169045715497271098e+00,2.010783762315025702e-01
-2.089357871518545018e+00,-9.111035500488907646e-01,2.423444277396765434e-01
-2.167206464932515786e+00,-6.441933965223239911e-01,2.823485527508989845e-01
-2.218183577258164618e+00,-3.738951938506593353e-01,3.234691850161465210e-01
-2.242186264074466528e+00,-1.050776028498338482e-01,3.656247406566802693e-01
-2.239548352316028001e+00,1.582708138195288439e-01,4.062328573088035411e-01
-2.210960257165403675e+00,4.131060853452480086e-01,4.413704626900550876e-01
-2.157381665021648409e+00,6.573062998971773707e-01,4.673695179535951594e-01
-2.079950811030871094e+00,8.895899364158451617e-01,4.822374978264559742e-01
-1.979897803634928843e+00,1.109401606856104783e+00,4.864627445709953646e-01
-1.858471354023986111e+00,1.316770773667172767e+00,4.828999319697356851e-01
-1.716888046074226404e+00,1.512125110642194903e+00,4.756919913371387976e-01
-1.556311210388847011e+00,1.696034965177082077e+00,4.685607563008983290e-01
-1.377862806038775867e+00,1.868886185999300897e+00,4.631132322945415991e-01
-1.182666860260643604e+00,2.030518849520039026e+00,4.579182591654625822e-01
-9.719177059758721260e-01,2.179913569375764304e+00,4.489437437634390404e-01
-7.469620219126584804e-01,2.315028663877931159e+00,4.314540834185461859e-01
-5.093826216863732714e-01,2.432858846469211578e+00,4.026739342253574661e-01
-2.610746652183160155e-01,2.529692604383320553e+00,3.637706350716233272e-01
-4.308890653429431339e-03,2.601442186185453753e+00,3.196735950180017438e-01
2.582219624183663687e-01,2.643896099662648602e+00,2.763619568162462015e-01
5.233788910795682536e-01,2.652844997516572434e+00,2.369979235408859741e-01
7.875827288914696300e-01,2.624197688760682823e+00,1.994113299318901189e-01
1.046861162139538282e+00,2.554297504607442093e+00,1.569713735652669973e-01
1.296947145118498623e+00,2.440561992781168144e+00,1.028752541524003694e-01
1.533434657159903347e+00,2.282328303636962374e+00,3.546562262005434341e-02
1.751988761389505989e+00,2.081563968826854349e+00,-3.904898559461603136e-02
1.948594432570934121e+00,1.843078318948675465e+00,-1.090184289905284098e-01
2.119811226929275261e+00,1.574071236438523647e+00,-1.641434309638728772e-01
2.262982013833905626e+00,1.283149998652186374e+00,-2.020649450488651022e-01
2.376341685327078679e+00,9.791655264267634662e-01,-2.294324104669601960e-01
2.459002003117767288e+00,6.702540119642729222e-01,-2.565966646509184601e-01
2.510837240172545393e+00,3.632934807994468440e-01,-2.907110548843664377e-01
2.532326188355350283e+00,6.372515183172729192e-02,-3.324009389438532525e-01
2.524399688933920860e+00,-2.244379031209151054e-01,-3.768549993795861086e-01
2.488312569884124859e+00,-4.985305246726314254e-01,-4.169752034142223396e-01
2.425533481228410615e+00,-7.571001696077851451e-01,-4.463818640157174444e-01
2.337641395911931319e+00,-9.997171448268195038e-01,-4.614876435625748785e-01
2.226227451014898939e+00,-1.226759914672191920e+00,-4.625354880705759841e-01
2.092811210107187847e+00,-1.439202374617750246e+00,-4.534782004177176917e-01
1.938783737143101149e+00,-1.638393336957721269e+00,-4.406344313804285706e-01
1.765386768113600624e+00,-1.825790749656050815e+00,-4.304163019329908524e-01
1.575492816919642936e+00,-1.970994673298460009e+00,3.512146767867360686e-02
1.371934082157650225e+00,-2.094620425078643322e+00,1.144035171722518063e-01
1.156891646269254226e+00,-2.199917498644751390e+00,1.484701274857183895e-01
9.322124395410193998e-01,-2.287461529185295106e+00,1.897590247072596659e-01
6.997340683612427448e-01,-2.356288208658089189e+00,2.373676945414285588e-01
4.614354278926764419e-01,-2.404511135127990862e+00,2.855037855694558813e-01
2.195080442794756781e-01,-2.429691228700119332e+00,3.303571164402140381e-01
-2.361209600749192283e-02,-2.429132381036541943e+00,3.699383747630403674e-01
-2.652378872944909372e-01,-2.400199188069722211e+00,4.035467753394809121e-01
-5.024485922880004285e-01,-2.340680506401872307e+00,4.314213850879821122e-01
-7.321368597053494742e-01,-2.249161193753174359e+00,4.543050454071558830e-01
-9.510907996371329443e-01,-2.125333891453928814e+00,4.728727232326929153e-01
-1.156111128991941017e+00,-1.970194145396457097e+00,4.872281820991116730e-01
-1.344154248838446586e+00,-1.786100569039140717e+00,4.967332142380013194e-01
-1.512482644446681457e+00,-1.576712551008713215e+00,5.002937269079080762e-01
-1.658798646587184011e+00,-1.346813820968821185e+00,4.969767002959412094e-01
-1.781340282208663028e+00,-1.102004140914468744e+00,4.866150765121329824e-01
-1.878928001596492203e+00,-8.482482948798574229e-01,4.700171635303246331e-01
-1.950962478563800007e+00,-5.913431438796959982e-01,4.486080523145784538e-01
-1.997381326102607213e+00,-3.364429021081553617e-01,4.236993615390315382e-01
-2.018586634165370874e+00,-8.777611832992186780e-02,3.958481031946757822e-01
-2.015357242137530314e+00,1.514126745669431284e-01,3.647095652499910967e-01
-1.988758822210419774e+00,3.787674824295129139e-01,3.294516392077991851e-01
-1.940060904908210704e+00,5.926721697814175682e-01,2.894363379466068364e-01
-1.870665426614888327e+00,7.921110488591746046e-01,2.447447816469246751e-01
-1.782048778589152116e+00,9.765485058133708263e-01,1.962786921487332525e-01
-1.675718701958549106e+00,1.145809395710640777e+00,1.454542505726220403e-01
-1.553187148803955475e+00,1.299943267662837298e+00,9.370942208183916100e-02
-1.415959384220263795e+00,1.439071321126318415e+00,4.208496041516238129e-02
-1.265538213846759463e+00,1.563230426804679274e+00,-8.950110143563311249e-03
-1.103440795951509346e+00,1.672236438572500594e+00,-5.939334577307167629e-02
-9.312243612982962215e-01,1.765588414932393713e+00,-1.094074636030743231e-01
-7.505164166330515751e-01,1.842428199650731013e+00,-1.589754918192528843e-01
-5.630447451582354379e-01,1.901559594390658914e+00,-2.076721653821113345e-01
-3.706628535302998184e-01,1.941522452139175625e+00,-2.546534798054099769e-01
-1.753673295152105016e-01,1.960712548044781789e+00,-2.988607851691372774e-01
2.069562099717248138e-02,1.957537428921544587e+00,-3.393274820903090516e-01
2.152369092659156546e-01,1.930597551185832428e+00,-3.754253419058076746e-01
4.058471943883119604e-01,1.878877522857804072e+00,-4.069285256372995319e-01
5.900377710665474229e-01,1.801925676499013695e+00,-4.338826043726494719e-01
7.653002851193579925e-01,1.699997144259943971e+00,-4.563735920994763662e-01
9.291822807847840426e-01,1.574140101245461443e+00,-4.743349237161736953e-01
1.079371442207031073e+00,1.426214504678952499e+00,-4.874934264951892304e-01
1.213778731224214313e+00,1.258840703848640663e+00,-4.954692665578096511e-01
1.330610831191414434e+00,1.075278461112935124e+00,-4.979560047412966428e-01
1.428424933551863951e+00,8.792407586333687020e-01,-4.948578121349572756e-01
1.506162154904158168e+00,6.746597259956618187e-01,-4.862844687840645053e-01
1.563158423471500580e+00,4.654418386776447147e-01,-4.724038303486796098e-01
1.599133732969215460e+00,2.552595170477650055e-01,-4.532688543419470806e-01
1.614162942645719356e+00,4.741201154217995761e-02,-4.287747854612266041e-01
1.608633481997897796e+00,-1.552428314462341308e-01,-3.988119798752595146e-01
1.583196288177980193e+00,-3.503086056057844178e-01,-3.635240890754235510e-01
1.538715689566456657e+00,-5.358458152455033430e-01,-3.234887485956124964e-01
1.476222563987063641e+00,-7.103501539857753899e-01,-2.796848892545727994e-01
1.396873898244270773e+00,-8.727062268740831685e-01,-2.332546573713802085e-01
1.301921054210204876e+00,-1.022108422967117791e+00,-1.851946801193708192e-01
1.192688240764040897e+00,-1.157951572151018960e+00,-1.361391667260579974e-01
1.070561612705231314e+00,-1.279707009962067099e+00,-8.633018937133588033e-02
9.369881303818903273e-01,-1.386806699088266592e+00,-3.576822428853634883e-02
7.934820880632942330e-01,-1.478556824093926858e+00,1.554389605621761539e-02
6.416363161641553958e-01,-1.554094877470348246e+00,6.738035843726461471e-02
4.831346356309591528e-01,-1.612394577876246737e+00,1.191895731035853279e-01
3.197622191323004071e-01,-1.652314776776788507e+00,1.701436742535261393e-01
1.534109737174118582e-01,-1.672683941783353001e+00,2.193035328250755034e-01
-1.392235195673596770e-02,-1.672410355382141001e+00,2.658123671957096645e-01
-1.801471740053559589e-01,-1.650607405955993423e+00,3.090262880678648072e-01
-3.431007397919547675e-01,-1.606721341803545977e+00,3.485321512153046752e-01
-5.005815781771241202e-01,-1.540646293470130823e+00,3.840670527030408676e-01
-6.503948375370713908e-01,-1.452811045148785007e+00,4.154025698047075776e-01
-7.904077598117960068e-01,-1.344225933405848616e+00,4.422644188379319941e-01
-9.186111797610634344e-01,-1.216485063488083052e+00,4.643255004506511296e-01
-1.033180969866603904e+00,-1.071724960981608854e+00,4.812621038813301722e-01
-1.132532747790561567e+00,-9.125433003846233904e-01,4.928290642494016494e-01
-1.215364299892451649e+00,-7.418822265429040330e-01,4.989051973131307660e-01
-1.280682516769977797e+00,-5.628843170508127658e-01,4.994817025808185873e-01
-1.327814154656378642e+00,-3.787366521403507380e-01,4.946007330761358345e-01
-1.356401660889148042e+00,-1.925247860564473501e-01,4.842849732949429109e-01
-1.366386478934370929e+00,-7.116850076515898738e-03,4.685142101537093096e-01
-1.357982888348725270e+00,1.749122648386352563e-01,4.472838177741306209e-01
-1.331645746645115702e+00,3.513187603885084553e-01,4.207249359221333362e-01
-1.288035596936992322e+00,5.201977894642978439e-01,3.892117624996512815e-01
-1.227984537058280923e+00,6.799673359798016348e-01,3.533734128892359605e-01
-1.152465968963551690e+00,8.293294623963428647e-01,3.139804425634150631e-01
-1.062570738015439220e+00,9.672089627407539636e-01,2.717553359053280770e-01
-9.594911675603212675e-01,1.092673460205834557e+00,2.272073158667876347e-01
-8.445132145005687097e-01,1.204845707744309768e+00,1.805822689109771451e-01
-7.190156786392229993e-01,1.302824024035691641e+00,1.319570884665449417e-01
-5.844743572401245313e-01,1.385627366392634174e+00,8.143123191888687606e-02
-4.424684097985982500e-01,1.452176955144462100e+00,2.931730880440394649e-02
-2.946860246176721265e-01,1.501318498402125945e+00,-2.376735832657420056e-02
-1.429266868125467216e-01,1.531881148300223705e+00,-7.695426570006805300e-02
1.090222171806520812e-02,1.542764101428277135e+00,-1.292906074202956612e-01
1.647962963256561775e-01,1.533039870905009705e+00,-1.799270958999247549e-01
3.166738711048397992e-01,1.502063163568175375e+00,-2.282273097651376370e-01
4.644056507067257922e-01,1.449574083944087155e+00,-2.737509776329957178e-01
6.058544220306842920e-01,1.375783766885715798e+00,-3.161418460209822756e-01
7.389236883210255069e-01,1.281430939523646506e+00,-3.550059801830044437e-01
8.616122453342638376e-01,1.167800630221556224e+00,-3.898649817547524821e-01
9.720700599282612320e-01,1.036700826448088142e+00,-4.202141067694508125e-01
1.068650072695694897e+00,8.903976792577558141e-01,-4.456439042389642724e-01
1.149951068670670651e+00,7.315140745625984264e-01,-4.659410091669659026e-01
1.214848221003487883e+00,5.629009472775566847e-01,-4.810956800720990190e-01
1.262509654607679721e+00,3.874961968940391910e-01,-4.912031157163428974e-01
1.292398958742035919e+00,2.081902582517701217e-01,-4.963160745253293316e-01
1.304264946764873034e+00,2.771628695232471185e-02,-4.963436717351089600e-01
1.298121158964276045e+00,-1.514247699597179309e-01,-4.910691086856121546e-01
1.274218500203263993e+00,-3.270041532285096753e-01,-4.802866935843300711e-01
1.233014808638960513e+00,-4.970765802182521287e-01,-4.639792976367448363e-01
1.175145051720463574e+00,-6.599686738253539575e-01,-4.424238720430625493e-01
1.101395386978407887e+00,-8.142461665824961559e-01,-4.161501783472704163e-01
1.012683607674202069e+00,-9.586591936866702968e-01,-3.857650680865108983e-01
9.100474948831381861e-01,-1.092067886977092117e+00,-3.517377185439986009e-01
7.946413069442179733e-01,-1.213357480152126522e+00,-3.142702448067541399e-01
6.677392029233550907e-01,-1.321359077280942040e+00,-2.733362298305809235e-01
5.307431270764808584e-01,-1.414794804903026781e+00,-2.288788412217190038e-01
3.851919106809380544e-01,-1.492262124731571271e+00,-1.810677003423723230e-01
2.327682715151790926e-01,-1.552262824855329848e+00,-1.304709218130614412e-01
7.530095772706779655e-02,-1.593271770194889081e+00,-7.803607683584803945e-02
-8.523981120824930535e-02,-1.613833627018826045e+00,-2.487843277170501133e-02
-2.467546460624723270e-01,-1.612674543143886696e+00,2.801131013979127338e-02
-4.070357131305819554e-01,-1.588818024849731225e+00,7.997665078940027761e-02
-5.637966633552384810e-01,-1.541695858683058029e+00,1.307081142006535079e-01
-7.147126437465891602e-01,-1.471243882063660857e+00,1.800653795056942064e-01
-8.574706481818903381e-01,-1.377970751472382682e+00,2.278289791499855388e-01
-9.898286878757753815e-01,-1.262989216671476678e+00,2.735364733685895500e-01
-1.109679714921727234e+00,-1.128004743237753127e+00,3.164938593293936675e-01
-1.215114113212001579e+00,-9.752625491045884276e-01,3.559370985873141491e-01
-1.304474113633490306e+00,-8.074574405928790499e-01,3.912302695087345183e-01
-1.376394960944417933e+00,-6.276113536458841624e-01,4.219799126920759091e-01
-1.429830118095571700e+00,-4.389254231978762522e-01,4.480115434468484592e-01
-1.464059967747341817e+00,-2.446195900644544952e-01,4.692404482757223105e-01
-1.478684846957379451e+00,-4.777991629169535404e-02,4.855250946256813860e-01
-1.473604225306359483e+00,1.487650055538781158e-01,4.965985974527978852e-01
-1.448984936970594939e+00,3.425246320584916515e-01,5.021319612427913581e-01
-1.405222612282444716e+00,5.313811908118352134e-01,5.019041591719809459e-01
-1.342901424215009465e+00,7.135826359920879325e-01,4.959745424572145067e-01
-1.262757605024111607e+00,8.876980992687036887e-01,4.847276208372574002e-01
-1.165651734548077245e+00,1.052537733393718034e+00,4.687214180774600392e-01
-1.052553502845726685e+00,1.207040152649226483e+00,4.483924686486869815e-01
-9.245405502492671790e-01,1.350138260795691769e+00,4.237810493038079995e-01
-7.828103476880514666e-01,1.480625404511826337e+00,3.944680087222874887e-01
-6.287014559140973180e-01,1.597052125925525479e+00,3.598282348967981603e-01
-4.637186415098153436e-01,1.697682423532726803e+00,3.195304348516029291e-01
-2.895558468891190618e-01,1.780524123795459213e+00,2.740313236576338296e-01
-1.081120050379540398e-01,1.843425311255513455e+00,2.247438866607776864e-01
7.850341316216025156e-02,1.884210181495510783e+00,1.736924183682785061e-01
2.679763821780125621e-01,1.900825461564652263e+00,1.227668603511159195e-01
4.578061422098220756e-01,1.891483475373693990e+00,7.297477963513795962e-02
6.453354323441058416e-01,1.854806195578236006e+00,2.414677134562900895e-02
8.277947362609794357e-01,1.789978698088832365e+00,-2.469420793225399202e-02
1.002362597024257118e+00,1.696904951569063291e+00,-7.449594175103260718e-02
1.166242411668171552e+00,1.576336129211890258e+00,-1.253737259103583634e-01
1.316751939785290926e+00,1.429931233930254342e+00,-1.763377396102125128e-01
1.451416681719595481e+00,1.260221934098197272e+00,-2.257176146883256573e-01
1.568055293249615456e+00,1.070480773506712557e+00,-2.719915689467927722e-01
1.664846388879368089e+00,8.645171367650447136e-01,-3.144540752204366685e-01
1.740370723603092973e+00,6.464366946828244975e-01,-3.532864180933376064e-01
1.793627916416711043e+00,4.203983695744531457e-01,-3.890343765019298461e-01
1.824030129628952501e+00,1.903953048235179080e-01,-4.218889926916747912e-01
1.831376206707347354e+00,-3.992275457558151774e-02,-4.512335443456453321e-01
1.815809942471600547e+00,-2.673779280703973416e-01,-4.757010571682914746e-01
1.777766488806930667e+00,-4.893437830930428833e-01,-4.936947571847883909e-01
1.717911702048748879e+00,-7.037785350138091589e-01,-5.041074824305883384e-01
1.637080417749841921e+00,-9.092096616072727899e-01,-5.068840324728302038e-01
1.536220855013472830e+00,-1.104661221551000105e+00,-5.031240981693133607e-01
1.416352895019624025e+00,-1.289514794233680428e+00,-4.946186922436243139e-01
1.278546985933720181e+00,-1.463305170879757755e+00,-4.829822031286329365e-01
1.123927477295646238e+00,-1.625471297230254963e+00,-4.687705090635790883e-01
9.536996667603526712e-01,-1.775105739807944838e+00,-4.510555057966217918e-01
7.691948925784151125e-01,-1.910762677885464500e+00,-4.277896446298729005e-01
5.719242313202110850e-01,-2.030382112505470182e+00,-3.969331672539883060e-01
3.636302064804970424e-01,-2.131356635945675038e+00,-3.578425038174418704e-01
1.463277223156638218e-01,-2.210713889583303171e+00,-3.121024554819032959e-01
-7.767098086477686181e-02,-2.265343789745605463e+00,-2.631389534552442955e-01
-3.057491395005054180e-01,-2.292200939164193763e+00,-2.146313942936803054e-01
-5.349961112417134235e-01,-2.288465645836163631e+00,-1.685772677804610320e-01
-7.622365163655497877e-01,-2.251712468255455235e+00,-1.242435584570219798e-01
-9.840810877728787265e-01,-2.180155089939162849e+00,-7.880497884666684549e-02
-1.197005142209166317e+00,-2.072983223000216313e+00,-2.941120220005646879e-02
-1.397460310578622744e+00,-1.930714071276501409e+00,2.459320141984275288e-02
-1.582018726771761807e+00,-1.755419915437667067e+00,8.083176763158914091e-02
-1.747535749901830249e+00,-1.550716850845203831e+00,1.351627621974909876e-01
-1.891303087405842964e+00,-1.321493935680784881e+00,1.842660531629388421e-01
-2.011160117187672292e+00,-1.073460672143477845e+00,2.276520883282085739e-01
-2.105544378840833453e+00,-8.126349710843233654e-01,2.675737916632340285e-01
-2.173484946123583228e+00,-5.448757091333452651e-01,3.070469897893798317e-01
-2.214557735160671115e+00,-2.755163084976521293e-01,3.476062169488710607e-01
-2.228821287105843929e+00,-9.115288375964578083e-03,3.882552388294823187e-01
-2.216742109316931497e+00,2.506788128161046569e-01,4.258951864497174666e-01
-2.179111777605707623e+00,5.011591072161837301e-01,4.566601681017016245e-01
-2.116957902773391353e+00,7.405119402164713760e-01,4.774645546791401740e-01
-2.031454472568506198e+00,9.677203091751048758e-01,4.872254040454419011e-01
-1.923839940894574996e+00,1.182440188812492243e+00,4.873502639917245416e-01
-1.795352350923365536e+00,1.384845090842283133e+00,4.812569588362788364e-01
-1.647189824959144788e+00,1.575415751460542912e+00,4.730204344510110515e-01
-1.480502106294419251e+00,1.754657160101704028e+00,4.656173191578812931e-01
-1.296414724539628027e+00,1.922754724370846935e+00,4.594800346823814108e-01
-1.096082259097223011e+00,2.079224771232304647e+00,4.520740163764241926e-01
-8.807621058398764635e-01,2.222652574197041098e+00,4.389231032560613199e-01
-6.518969729720105466e-01,2.350614090542030077e+00,4.158910964956658018e-01
-4.111948333417443369e-01,2.459819994385263442e+00,3.817053461876537268e-01
-1.606986498224876048e-01,2.546416391198430773e+00,3.391763073569248332e-01
9.715846004834305383e-02,2.606296695064707514e+00,2.939806703899162654e-01
3.595165304117571292e-01,2.635303726102406596e+00,2.513250212747316636e-01
6.230765421772661572e-01,2.629336232154831698e+00,2.124143761916917617e-01
8.841215952833014757e-01,2.584522673949671834e+00,1.731777175445693151e-01
1.138582301183306944e+00,2.497652004380841007e+00,1.265647166283681846e-01
1.382155923222240679e+00,2.366896569973027553e+00,6.745248845923410008e-02
1.610482344397523580e+00,2.192615687814905456e+00,-2.836841428696917911e-03
1.819368990395781038e+00,1.977877724529871761e+00,-7.575438700113426571e-02
2.005042122540107385e+00,1.728409743239341045e+00,-1.398197070278090204e-01
2.164383694297622895e+00,1.451931667465167441e+00,-1.876737291522775630e-01
2.295100157977021382e+00,1.157099237753799192e+00,-2.207136894867975097e-01
2.395780556862157518e+00,8.524247875392044760e-01,-2.474526884489353373e-01
2.465840124149018653e+00,5.454936211736248763e-01,-2.771873781199093445e-01
2.505387861075433875e+00,2.425778044865845584e-01,-3.143770593897318166e-01
2.515071911899185331e+00,-5.146310130211355360e-02,-3.572418351450902252e-01
2.495939289931203398e+00,-3.331497765792301169e-01,-3.998628250175190191e-01
2.449317387136904500e+00,-6.002881531471474519e-01,-4.353253749975368736e-01
2.376707881283895318e+00,-8.518161845901969231e-01,-4.583323871993317811e-01
2.279685677402371713e+00,-1.087606265811683182e+00,-4.668598390424324451e-01
2.159806202293874211e+00,-1.308254850582868167e+00,-4.627397261430959974e-01
2.018531975013857060e+00,-1.514870806808217063e+00,-4.510313769961032948e-01
1.857189924747502774e+00,-1.708838856819273611e+00,-4.382509431162066038e-01
1.676966525043864786e+00,-1.891521806289367058e+00,-4.299394664359584839e-01
1.478941801110223109e+00,-2.063888103835813226e+00,-4.283838044186484284e-01
1.264157620209962696e+00,-2.226101841204460641e+00,-4.314098941579916913e-01
1.033711026864800653e+00,-2.377170867860345815e+00,-4.329871139127422497e-01
7.888604281335920287e-01,-2.514779550545581444e+00,-4.258041531731012741e-01
5.311324343578356366e-01,-2.635392355122503361e+00,-4.049581617997023431e-01
2.624200734145358815e-01,-2.734594311742766237e+00,-3.708523655038266087e-01
-1.493385793527512995e-02,-2.807503105993341741e+00,-3.292359889523811534e-01
-2.980742987401128197e-01,-2.849060349830329741e+00,-2.876916087792241727e-01
-5.836007512646022022e-01,-2.854146714775932736e+00,-2.502629054198496350e-01
-8.675746700400008837e-01,-2.817692922606658712e+00,-2.137258703641126412e-01
-1.145578737043130291e+00,-2.735087943279188138e+00,-1.686584445922509057e-01
-1.412835293986170138e+00,-2.603051145954847101e+00,-1.056520527527073094e-01
-1.664387453327167643e+00,-2.420776719308546987e+00,-2.323032211702016903e-02
-1.895348880975987749e+00,-2.190853070070703623e+00,6.816646014162128231e-02
-2.101223923903512869e+00,-1.919475298146816167e+00,1.503207807100136184e-01
-2.277417041041557511e+00,-1.595712674896267780e+00,4.643199648906585209e-01
-2.420045515006164827e+00,-1.252322190807513502e+00,4.745507557927010067e-01
-2.527865963792248927e+00,-9.034755762638281285e-01,4.511775057854333637e-01
-2.601012279049404796e+00,-5.608645630717444819e-01,4.260437628012380129e-01
-2.640580131977242395e+00,-2.329520435244864518e-01,3.998656097372145224e-01
-2.648307213238746627e+00,7.511728285048298315e-02,3.725688612305003700e-01
-2.626301445620172537e+00,3.609495718563929256e-01,3.437075157195960129e-01
-2.576829697870866021e+00,6.240451676992239127e-01,3.114829241393221038e-01
-2.502171366763109361e+00,8.649983552428909261e-01,2.735451573996482422e-01
-2.404525112015516441e+00,1.084927669116598770e+00,2.284862185733043949e-01
-2.285954542475938212e+00,1.285148567860074698e+00,1.767745758358597319e-01
-2.148363984296097762e+00,1.467007616603742681e+00,1.206128955405273151e-01
-1.993499662854908872e+00,1.631780544839201985e+00,6.297181973087159768e-02
-1.822972366410424039e+00,1.780568518618705687e+00,6.427436100248623552e-03
-1.638296768833761741e+00,1.914172402012318086e+00,-4.763088233000192795e-02
-1.440941963636295897e+00,2.032959997440391575e+00,-9.914703827101792322e-02
-1.232387798260914602e+00,2.136757236133298044e+00,-1.489371748517857308e-01
-1.014181846063773262e+00,2.224791418591167247e+00,-1.978886958461149315e-01
-7.879922085540613796e-01,2.295699277662685223e+00,-2.462024561554844448e-01
-5.556523030286364406e-01,2.347596222044997738e+00,-2.930396599995123141e-01
-3.191955221056403946e-01,2.378197310014874333e+00,-3.367517593379122376e-01
-8.087905718588506154e-02,2.384987850565110534e+00,-3.755694027145494163e-01
1.568045139923273101e-01,2.365450473691984357e+00,-4.083620820315846389e-01
3.911325741353539609e-01,2.317349737770173945e+00,-4.350368366221176730e-01
6.191831725767349415e-01,2.239051421423829069e+00,-4.563668136041264534e-01
8.378996880751168330e-01,2.129827652865243337e+00,-4.733788990272379538e-01
1.044191966030543206e+00,1.990092394527872122e+00,-4.866651315680182721e-01
1.235065681270537397e+00,1.821529713212256985e+00,-4.959971538030788496e-01
1.407761927384400646e+00,1.627101955551241153e+00,-5.004470786236626667e-01
1.559886060100871497e+00,1.410933134657090582e+00,-4.989497718439582785e-01
1.689509439385437517e+00,1.178054971801584250e+00,-4.909802404663007325e-01
1.795235010765905193e+00,9.340125389421788382e-01,-4.769020960373256957e-01
1.876222455561864955e+00,6.843807763666286403e-01,-4.577240462941719601e-01
1.932171540801593368e+00,4.343094120882449727e-01,-4.344372668728812004e-01
1.963267747185067691e+00,1.882177271778092131e-01,-4.074414333662313981e-01
1.970102278694313203e+00,-5.031871596587238205e-02,-3.764734240652433117e-01
1.953583159734771035e+00,-2.785412007793938716e-01,-3.410293437403711936e-01
1.914851324174241753e+00,-4.944248560847272489e-01,-3.009179644346789972e-01
1.855208575281455552e+00,-6.965901729033562306e-01,-2.565658441483239516e-01
1.776058864662431569e+00,-8.842118005716327334e-01,-2.089410544577151863e-01
1.678862777491531455e+00,-1.056906444963770619e+00,-1.592230984412640604e-01
1.565105708929314110e+00,-1.214590354617488765e+00,-1.084460205316705450e-01
1.436280542956217987e+00,-1.357315596224783372e+00,-5.728529608799451389e-02
1.293884781092219383e+00,-1.485106767183941523e+00,-6.046875962565284590e-03
1.139430489258639323e+00,-1.597821684959587651e+00,4.517690046481956379e-02
9.744639336789702178e-01,-1.695053873434508640e+00,9.627497183528785363e-02
8.005908187637527096e-01,-1.776085646217991476e+00,1.469164095118412339e-01
6.195027327055633304e-01,-1.839892083813239987e+00,1.964669333118348182e-01
4.330007064157614938e-01,-1.885191248035327449e+00,2.440553410768896148e-01
2.430125138326115763e-01,-1.910535486030461749e+00,2.887541032738835112e-01
5.160110054524547074e-02,-1.914440067761147057e+00,3.297863419092789128e-01
-1.390380933371757610e-01,-1.895543925550972952e+00,3.666618851461106443e-01
-3.265932137442890681e-01,-1.852790251280524325e+00,3.991847540824647877e-01
-5.086677797564320702e-01,-1.785605015428530118e+00,4.273420481439228480e-01
-6.828296125117103710e-01,-1.694046082266760900e+00,4.511415918863218577e-01
-8.466760402824375920e-01,-1.578899725472514115e+00,4.704825048339057458e-01
-9.979109980041844796e-01,-1.441713251718077737e+00,4.851151205321667659e-01
-1.134426066349863538e+00,-1.284764149706687286e+00,4.946959114509422717e-01
-1.254375542665784993e+00,-1.110970660718211045e+00,4.988983607771712014e-01
-1.356236477301447474e+00,-9.237474984976082881e-01,4.975193114008743533e-01
-1.438847926570135494e+00,-7.268132883114671872e-01,4.905245020636880282e-01
-1.501427795474528759e+00,-5.239695189357204130e-01,4.780065918107635481e-01
-1.543568903351153709e+00,-3.188866979744792718e-01,4.600822442050355177e-01
-1.565217769554893446e+00,-1.149356015684743076e-01,4.368078225994435071e-01
-1.566640446450221491e+00,8.491635984967678408e-02,4.081981274015288319e-01
-1.548379950431671093e+00,2.781489811564535342e-01,3.743643108490556370e-01
-1.511209701611113454e+00,4.626927067098874358e-01,3.356881087417872278e-01
-1.456087096363145372e+00,6.369075309871660151e-01,2.929035802618028539e-01
-1.384111011174461447e+00,7.995412626103258757e-01,2.470091900986897959e-01
-1.296486519979428431e+00,9.496636843729761024e-01,1.990430248931101820e-01
-1.194499178713117837e+00,1.086575632377934530e+00,1.498387614612138596e-01
-1.079499900522511213e+00,1.209700751881074288e+00,9.988644192450632509e-02
-9.528999765778041198e-01,1.318475933141776357e+00,4.935926483977479129e-02
-8.161744929423593309e-01,1.412259614263102980e+00,-1.717838809416921686e-03
-6.708714347537967360e-01,1.490274314652032972e+00,-5.324527451921060028e-02
-5.186232207589707155e-01,1.551592674444654874e+00,-1.048762969245987942e-01
-3.611572848776563038e-01,1.595167939856396044e+00,-1.559693190995804779e-01
-2.003025730429455198e-01,1.619903121959700654e+00,-2.056766999720781863e-01
-3.798931570807329017e-02,1.624749302630144276e+00,-2.531159381359638916e-01
1.237600222720260934e-01,1.608822016767663454e+00,-2.975333009830097852e-01
2.828502069188776336e-01,1.571523542094197756e+00,-3.383832856399556777e-01
4.371440746455277360e-01,1.512657485886506725e+00,-3.753014521271761383e-01
5.845046181720594536e-01,1.432521364724838042e+00,-4.080096465252501803e-01
7.228464948930828360e-01,1.331964651658257059e+00,-4.362246614925943122e-01
8.501931541068881160e-01,1.212404243770522916e+00,-4.596279080186916888e-01
9.647342694806602115e-01,1.075794693401624036e+00,-4.779074560005024397e-01
1.064877822933766316e+00,9.245549729461933763e-01,-4.908351212219993487e-01
1.149292130970157366e+00,7.614573084484596022e-01,-4.983187881454266277e-01
1.216934797053069506e+00,5.894886778036808606e-01,-5.003866071858144027e-01
1.267067318116885666e+00,4.117020720739661965e-01,-4.971066213830016567e-01
1.299255550017402339e+00,2.310787115427500038e-01,-4.884954820032990641e-01
1.313357511257764898e+00,5.041928818938663792e-02,-4.744885935029589108e-01
1.309501123503838960e+00,-1.277279701397057710e-01,-4.550112300692933376e-01
1.288055272076845892e+00,-3.011057096839133140e-01,-4.301210695643195026e-01
1.249597832036572598e+00,-4.677604373196226351e-01,-4.001344381393511229e-01
1.194884085460716561e+00,-6.260354017068491261e-01,-3.656469172331401341e-01
1.124818436634626329e+00,-7.745433675235321447e-01,-3.274196349491350633e-01
1.040431624343616246e+00,-9.121175857188933422e-01,-2.861850792893295692e-01
9.428647345012073355e-01,-1.037743287672659109e+00,-2.424757483925833734e-01
8.333602529991517294e-01,-1.150479107346113361e+00,-1.965663941534902259e-01
7.132592987985044708e-01,-1.249383447555472815e+00,-1.485580034971124841e-01
5.840032423015681928e-01,-1.333461759803784341e+00,-9.855714473275614673e-02
4.471373207172792963e-01,-1.401646530780084499e+00,-4.685713806293026473e-02
3.043136923129925453e-01,-1.452814426858121566e+00,5.970109925977989951e-03
1.572915837933666072e-01,-1.485837635013737890e+00,5.911358023012777685e-02
7.932622387806675945e-03,-1.499661419629181092e+00,1.116662457448523715e-01
-1.418101080247404777e-01,-1.493397795080374957e+00,1.627920035733464166e-01
-2.899104370416483167e-01,-1.466424693636376064e+00,2.118310516936741938e-01
-4.342958247524555393e-01,-1.418479635878967082e+00,2.583010570976281839e-01
-5.728829127751835504e-01,-1.349736685540701808e+00,3.018149009705081154e-01
-7.036214301270009575e-01,-1.260856691326845302e+00,3.419806074866426071e-01
-8.245444176418474935e-01,-1.153004302891233346e+00,3.783499226647489833e-01
-9.338210009082017482e-01,-1.027829929475311710e+00,4.104430518425726815e-01
-1.029806770428841611e+00,-8.874184941344475108e-01,4.378267288069633834e-01
-1.111086813783926930e+00,-7.342085719242580355e-01,4.601927028135247566e-01
-1.176507607359073448e+00,-5.708868616516370453e-01,4.773881319183271854e-01
-1.225195769012703773e+00,-4.002662345509301889e-01,4.893804026336096014e-01
-1.256563436864954975e+00,-2.251605457204652327e-01,4.961775082303273576e-01
-1.270301428127770693e+00,-4.827235256383681505e-02,4.977527205925963427e-01
-1.266362343569672477e+00,1.278928489360796061e-01,4.940243571129724343e-01
-1.244936503784974002e+00,3.010795912538506980e-01,4.849114775585644521e-01
-1.206424044061040535e+00,4.693037745771951319e-01,4.704359323446095642e-01
-1.151406626538622691e+00,6.308468657132236812e-01,4.508020214268765313e-01
-1.080622034161287326e+00,7.842265676292664578e-01,4.263891689633777515e-01
-9.949443612356561051e-01,9.281460222575076413e-01,3.976448139339322507e-01
-8.953715723673438820e-01,1.061424888490481555e+00,3.649329686527406080e-01
-7.830209060072654825e-01,1.182920344609657226e+00,3.284332748309023442e-01
-6.591311485686521809e-01,1.291451747007798856e+00,2.881675409672393995e-01
-5.250695243009346758e-01,1.385745659710664990e+00,2.441614145982481110e-01
-3.823401560893808782e-01,1.464415610694064673e+00,1.966643890315918630e-01
-2.325909226950748643e-01,1.525983314672146873e+00,1.463012491186884423e-01
-7.761599971508936768e-02,1.568938408512804861e+00,9.404969837553775469e-02
8.064786183735805913e-02,1.591826580211602282e+00,4.103153987660843049e-02
2.401325726426668528e-01,1.593354138876770909e+00,-1.178068701374637706e-02
3.986583708922266656e-01,1.572499295011323239e+00,-6.377735196405712181e-02
5.539628220956818172e-01,1.528622534845843317e+00,-1.147196970544551997e-01
7.037399789334541911e-01,1.461567427925588580e+00,-1.645379088183772931e-01
8.456897791300710399e-01,1.371740004788108314e+00,-2.130441915047864010e-01
9.775760306831144941e-01,1.260153390278171193e+00,-2.597383253391615243e-01
1.097289038154578344e+00,1.128427476015507969e+00,-3.038241982783215223e-01
1.202907114410352252e+00,9.787400889318521591e-01,-3.444219874260251446e-01
1.292750869804700553e+00,8.137330545545501392e-01,-3.808379571013499332e-01
1.365425381944832761e+00,6.363818464884650750e-01,-4.127220878498586432e-01
1.419847329196320063e+00,4.498420157777969774e-01,-4.400216436930907138e-01
1.455256013107023350e+00,2.572901177812133011e-01,-4.627709197166974819e-01
1.471208624362811523e+00,6.177914835930294057e-02,-4.808577464031930093e-01
1.467561394026897448e+00,-1.338749154486455484e-01,-4.939189678153229623e-01
1.444439604566091662e+00,-3.271676283417745412e-01,-5.014388259304684015e-01
1.402200628063015486e+00,-5.159423477673660274e-01,-5.030008453644586597e-01
1.341394925447699782e+00,-6.983917148225665672e-01,-4.985434815963901700e-01
1.262730168795751728e+00,-8.730248720685943598e-01,-4.884527531565484582e-01
1.167043311025186325e+00,-1.038598013663478037e+00,-4.734082935032947193e-01
1.055284403025852802e+00,-1.194008691134887501e+00,-4.540410181828892222e-01
9.285141181906109153e-01,-1.338164005859698635e+00,-4.305834484642804272e-01
7.879144096819439280e-01,-1.469845399160064625e+00,-4.027278632017018412e-01
6.348090098241649937e-01,-1.587601490086668621e+00,-3.698232207511483738e-01
4.706883726725115125e-01,-1.689698928485856344e+00,-3.313633222562987202e-01
2.972328831339210442e-01,-1.774146957977584593e+00,-2.875266079208859127e-01
1.163289564624636618e-01,-1.838789057191395182e+00,-2.394404528655417475e-01
-6.992540520829249040e-02,-1.881436512566197594e+00,-1.889512349996113338e-01
-2.592268883848516392e-01,-1.900015713703807174e+00,-1.379624486988479115e-01
-4.490849200166617816e-01,-1.892714243469983737e+00,-8.769285454926492585e-02
-6.368514775613862700e-01,-1.858127634565166497e+00,-3.829772079562335230e-02
-8.197638150185742045e-01,-1.795412555918226127e+00,1.090220976879660575e-02
-9.950023247684252059e-01,-1.704438178746404242e+00,6.071628589159669409e-02
-1.159764903297506367e+00,-1.585907415231306183e+00,1.113450316111180560e-01
-1.311355352214846670e+00,-1.441412237442225797e+00,1.620730677230522720e-01
-1.447277604572689169e+00,-1.273400912578301680e+00,2.115684495336534743e-01
-1.565323252652133901e+00,-1.085060338537380042e+00,2.585437327835035104e-01
-1.663640320269242467e+00,-8.801356020994896001e-01,3.022937501347183753e-01
-1.740776627754797135e+00,-6.627122203498602149e-01,3.427544096072904223e-01
-1.795697712749791508e+00,-4.369813631460123804e-01,3.801077664062501027e-01
-1.827782851520171947e+00,-2.070069721564832821e-01,4.142599055463261903e-01
-1.836802481073068316e+00,2.348190021357672574e-02,4.445342221870970389e-01
-1.822878984394515678e+00,2.512491397087471268e-01,4.697391966604510527e-01
-1.786433183109791267e+00,4.736448040418180239e-01,4.885720627667450300e-01
-1.728121243181284905e+00,6.886326305399083081e-01,5.001795035145403245e-01
-1.648769369810709096e+00,8.947588288610485163e-01,5.046094320357025209e-01
-1.549315119593441148e+00,1.091066400169383277e+00,5.028901301889686648e-01
-1.430763887295394499e+00,1.276953071925674754e+00,4.966137855131290690e-01
-1.294167212848455373e+00,1.451972298667896899e+00,4.871473900746633445e-01
-1.140626205252418091e+00,1.615590709841934425e+00,4.748265257418279317e-01
-9.713189576603868947e-01,1.766938375643704928e+00,4.585819734628370226e-01
-7.875461362694287093e-01,1.904609497047792699e+00,4.363287911250023354e-01
-5.907853487401715231e-01,2.026574634124461927e+00,4.061004835228513299e-01
-3.827439017587581649e-01,2.130237700835901471e+00,3.674357012465873096e-01
-1.654015076042354426e-01,2.212615790654675951e+00,3.221878899114248851e-01
5.896199460532547398e-02,2.270569128785809632e+00,2.740670135381318984e-01
2.877558972345848343e-01,2.301003959906221752e+00,2.269295885947880398e-01
5.180857576952131449e-01,2.301025552926686757e+00,1.827196339127722113e-01
7.467801876815782780e-01,2.268093005301558662e+00,1.403713051235627451e-01
9.704412927936412192e-01,2.200257384522268822e+00,9.652357419213761225e-02
1.185524496328292043e+00,2.096513666450169566e+00,4.778441375877914843e-02
1.388451903328248083e+00,1.957193252656786120e+00,-6.791728243862454883e-03
1.575756463959526288e+00,1.784243973348050849e+00,-6.465844445594118306e-02
1.744243020054020432e+00,1.581253037078582002e+00,-1.210307044118625053e-01
1.891141558534270573e+00,1.353165973891971907e+00,-1.717577562815374714e-01
2.014224409642299207e+00,1.105779707663950395e+00,-2.158183418205627258e-01
2.111867173275845389e+00,8.451663793771987399e-01,-2.555767232383497900e-01
2.183049997142898047e+00,5.771788123650568592e-01,-2.947119366606197888e-01
2.227312142998576938e+00,3.071143062595849682e-01,-3.355352038893829603e-01
2.244680122782366727e+00,3.952671303076711606e-02,-3.775195028790153673e-01
2.235586466953787710e+00,-2.218662079073966953e-01,-4.175727063208444223e-01
2.200787386461080519e+00,-4.742221162476740193e-01,-4.514511441773240152e-01
2.141280340529035264e+00,-7.155725644660436702e-01,-4.754665962879772723e-01
2.058221130768352225e+00,-9.447772088325480100e-01,-4.878754344807748611e-01
1.952843879762386603e+00,-1.161427933683617519e+00,-4.895550563302865088e-01
1.826392129716440049e+00,-1.365695308837290733e+00,-4.837326804851872497e-01
1.680071571436226652e+00,-1.558107274944145582e+00,-4.747833591335651748e-01
1.515033249671290161e+00,-1.739255260365605738e+00,-4.664573384283886570e-01
1.332391350698507004e+00,-1.909443056201111100e+00,-4.601908588081730089e-01
1.133273509055036765e+00,-2.068327866566722406e+00,-4.542615438182454612e-01
9.188955458102892049e-01,-2.214638409424170007e+00,-4.443705604901327932e-01
6.906483525914715038e-01,-2.346064894812361246e+00,-4.256914931510823452e-01
4.501838846197721011e-01,-2.459371435050984545e+00,-3.955875740886202196e-01
1.994899915273848912e-01,-2.550685904406599036e+00,-3.554868852233826759e-01
-5.905220056909477044e-02,-2.615833468169284082e+00,-3.104921582311038764e-01
-3.226321717716473803e-01,-2.650578545470979819e+00,-2.665004153423612410e-01
-5.879989042372029129e-01,-2.650752915584462244e+00,-2.263380350079674808e-01
-8.514801353596659350e-01,-2.612403054850629402e+00,-1.874626144945682749e-01
-1.109039244629204335e+00,-2.532154051721860810e+00,-1.431850942069818056e-01
-1.356378009080805969e+00,-2.407871505058537309e+00,-8.721357277611221925e-02
-1.589092976988139450e+00,-2.239461552445662917e+00,-1.885549127520849688e-02
-1.802889432030133188e+00,-2.029465829519027764e+00,5.486116366499058095e-02
-1.993841859352808443e+00,-1.783138723989024621e+00,1.224177030995246829e-01
-2.158658025627717691e+00,-1.507920298969518180e+00,1.748804026937972045e-01
-2.294875775268239160e+00,-1.212477419088047847e+00,2.116495791999096487e-01
-2.400935523501429358e+00,-9.056305166890813441e-01,2.401093761023343764e-01
-2.476128389457822543e+00,-5.954643061378793734e-01,2.697480951694996021e-01
-2.520469992491024769e+00,-2.887696549027848891e-01,3.060322063672015203e-01
-2.534554250731414271e+00,9.204359671047004920e-03,3.482204600836479313e-01
-2.519414016909111709e+00,2.947726334683389848e-01,3.909858729039353831e-01
-2.476391581378035944e+00,5.656729448092522317e-01,4.274771603458543678e-01
-2.407016648762303035e+00,8.208201080420564066e-01,4.520939333753045686e-01
-2.312894084873953204e+00,1.060037121800984528e+00,4.623942032301141536e-01
-2.195608030832454816e+00,1.283829893480697981e+00,4.598943772171492084e-01
-2.056650097880815764e+00,1.493208957747846233e+00,4.495349170925589943e-01
-1.897378275151428761e+00,1.689504505859914962e+00,4.378764747665496726e-01
-1.719010643443509290e+00,1.874110805702437821e+00,4.305793338067286369e-01
-1.524430468707521635e+00,2.017025040372603328e+00,-3.912104339682290211e-02
-1.316374618842402144e+00,2.138360068762548138e+00,-1.195381853395975080e-01
-1.097073848589977585e+00,2.241134996703768145e+00,-1.549336678084688723e-01
-8.684319518642615865e-01,2.325716254291507301e+00,-1.973896885349450125e-01
-6.323494951876409420e-01,2.390912715777914421e+00,-2.458585779611840716e-01
-3.908747745346297098e-01,2.434620609501575217e+00,-2.943856436393171849e-01
-1.462764457351017899e-01,2.454238813626616000e+00,-3.388873777838209422e-01
9.892299860247910637e-02,2.447000588956877110e+00,-3.772410568596732405e-01
3.419400436522075371e-01,2.410305362027768794e+00,-4.089656370055269052e-01
5.797511560205974579e-01,2.342076618616999895e+00,-4.348089952865353824e-01
8.091503840536791170e-01,2.241118765830146131e+00,-4.560143895089555643e-01
1.026849036458342690e+00,2.107415838919699524e+00,-4.734465012526999361e-01
1.229611901719971812e+00,1.942320703472281584e+00,-4.869942733361450893e-01
1.414411830376929080e+00,1.748611135987365506e+00,-4.955740951475650080e-01
1.578578385360874581e+00,1.530407387399724817e+00,-4.977528692038016844e-01
1.719919879391549333e+00,1.292938888308222678e+00,-4.926517758661975721e-01
1.836806775605960285e+00,1.042144013778825373e+00,-4.805574403225395530e-01
1.928210731813427614e+00,7.841340498639314260e-01,-4.627872746184539254e-01
1.993696302330100201e+00,5.246407136989591491e-01,-4.408791123831551362e-01
2.033367293283665056e+00,2.686063900368649837e-01,-4.157081812723940617e-01
2.047779601022511997e+00,2.000523008359407495e-02,-3.871617964508163867e-01
2.037840299464265925e+00,-2.181403606849309784e-01,-3.545147455970339978e-01
2.004711394731465646e+00,-4.436506886232722269e-01,-3.171353643262665445e-01
1.949727969710771447e+00,-6.550676573957422422e-01,-2.750207658378559517e-01
1.874332338406870191e+00,-8.515424240074641604e-01,-2.288976472890925928e-01
1.780022925954565238e+00,-1.032715288887720684e+00,-1.799502608718245578e-01
1.668317479432478212e+00,-1.198571086152276921e+00,-1.294098439749805929e-01
1.540731411740637213e+00,-1.349271588760875717e+00,-7.822447846037508534e-02
1.398771746758231238e+00,-1.484982337152791709e+00,-2.692419779619573128e-02
1.243945554316284063e+00,-1.605716981230676632e+00,2.430727249422912073e-02
1.077779993713791962e+00,-1.711219266298222630e+00,7.541737739865336798e-02
9.018498366843199499e-01,-1.800895022160428960e+00,1.262332336359886786e-01
7.178078058691523822e-01,-1.873797461073579251e+00,1.762869991563274785e-01
5.274132077178113054e-01,-1.928662257207173214e+00,2.247942095867000167e-01
3.325550324793800083e-01,-1.963986811283698453e+00,2.707911048078938121e-01
1.352666033708656013e-01,-1.978149960113445127e+00,3.133625455967273821e-01
-6.227053689499473244e-02,-1.969569375217649077e+00,3.518493518105242357e-01
-2.577358267528448987e-01,-1.936888930992639368e+00,3.859372479995027971e-01
-4.486946251283556730e-01,-1.879177479087607461e+00,4.155937079467290074e-01
-6.326412995217138846e-01,-1.796110436423090428e+00,4.408977098345826517e-01
-8.070611562656060389e-01,-1.688104630071864287e+00,4.618565642104454083e-01
-9.695084710548049767e-01,-1.556387151217611953e+00,4.782999767066041796e-01
-1.117693561039710071e+00,-1.402993769677705282e+00,4.898932907284557770e-01
-1.249568435013884704e+00,-1.230701415077076755e+00,4.962502080945182525e-01
-1.363399931100226725e+00,-1.042898780549857074e+00,4.970801293006797961e-01
-1.457821962295670959e+00,-8.433978173836412795e-01,4.922905418754578433e-01
-1.531863145693548534e+00,-6.361990494974226751e-01,4.819844626126535969e-01
-1.584950443327561631e+00,-4.252444466435233994e-01,4.663492140547117470e-01
-1.616892206970184320e+00,-2.142048074725232953e-01,4.455097431516276130e-01
-1.627845333635155933e+00,-6.337350876508704434e-03,4.194644127726502303e-01
-1.618271670643673277e+00,1.955809524778542863e-01,3.881790129533254641e-01
-1.588888669758974581e+00,3.892644639459293399e-01,3.517979171211419454e-01
-1.540618834833012096e+00,5.728989716601037285e-01,3.108300621304164180e-01
-1.474542038438164449e+00,7.451026646288204658e-01,2.661701288825025769e-01
-1.391854333823151935e+00,9.048661495403641508e-01,2.189219480459126677e-01
-1.293836181417195030e+00,1.051466537653977573e+00,1.701166830555348175e-01
-1.181831842910815888e+00,1.184357906385843817e+00,1.204749723585461785e-01
-1.057240204712784903e+00,1.303050905450522157e+00,7.032705443465200879e-02
-9.215158053311658382e-01,1.407001100433923346e+00,1.971635768323207194e-02
-7.761776273881009214e-01,1.495525925779167542e+00,-3.137532206227180986e-02
-6.228224005047586775e-01,1.567764517026221993e+00,-8.279174829843075067e-02
-4.631387907843256269e-01,1.622685939211660378e+00,-1.340624718932136583e-01
-2.989189290665315024e-01,1.659142837581946806e+00,-1.844161893500323723e-01
-1.320641669413740171e-01,1.675961883190048907e+00,-2.329291146374227461e-01
3.541746052903804731e-02,1.672059956264657421e+00,-2.787259389757671402e-01
2.014240519466643509e-01,1.646574082422853413e+00,-3.211312586969984340e-01
3.637844297278045591e-01,1.598991817502578128e+00,-3.597057374495681303e-01
5.202952218726368816e-01,1.529267114751250878e+00,-3.941714668810495370e-01
6.687697149367211047e-01,1.437906678340917344e+00,-4.242917056419034383e-01
8.070956569907135059e-01,1.326015007827150205e+00,-4.497862696133082538e-01
9.332970506439197678e-01,1.195291924932906147e+00,-4.703304620244291856e-01
1.045593747121667860e+00,1.047981783743398898e+00,-4.856272192428249257e-01
1.142452923216127125e+00,8.867775326547721049e-01,-4.954948083625626554e-01
1.222628059687941304e+00,7.146870556583769796e-01,-4.999027637209795261e-01
1.285183026965820430e+00,5.348759918294055948e-01,-4.989230677103694278e-01
1.329500655906483697e+00,3.505087088025272135e-01,-4.926240268469835870e-01
1.355276630797721982e+00,1.646111636281586965e-01,-4.809835513176398125e-01
1.362500856447896869e+00,-2.002823987839812137e-02,-4.638982859588597352e-01
1.351429557480267496e+00,-2.009173888862376134e-01,-4.413055681123029261e-01
1.322551980056995591e+00,-3.758868952513678141e-01,-4.133524564901068787e-01
1.276555564300271950e+00,-5.430934160285262324e-01,-3.805010818119828331e-01
1.214293020048071048e+00,-7.010030227873277342e-01,-3.434899591225050175e-01
1.136754094710549889e+00,-8.483523090939587563e-01,-3.031581218314772785e-01
1.045044023445537373e+00,-9.840856956591262916e-01,-2.602229629214011242e-01
9.403696557030112313e-01,-1.107274088272016010e+00,-2.151296917147692833e-01
8.240330993420740269e-01,-1.217028034488669919e+00,-1.680490191710976300e-01
6.974315879547938746e-01,-1.312422977334925855e+00,-1.190199835082214330e-01
5.620613799280225198e-01,-1.392452851741110331e+00,-6.816174719920300995e-02
4.195230042179356467e-01,-1.456021905456200694e+00,-1.584702807266782920e-02
2.715251287283517723e-01,-1.501976160282099793e+00,3.724662227077399357e-02
1.198846600793987971e-01,-1.529168720177662033e+00,9.022630994925404102e-02
-3.347881059989954444e-02,-1.536549140677219372e+00,1.421599897907935561e-01
-1.865556543553463786e-01,-1.523265906232794231e+00,1.922444857198638279e-01
-3.372671034112586508e-01,-1.488770860194252643e+00,2.398839393874564185e-01
-4.834953040701146509e-01,-1.432913983055684293e+00,2.846553366347802649e-01
-6.231228223704332603e-01,-1.356016903272053264e+00,3.262037284786271085e-01
-7.540806436722162776e-01,-1.258915547249319866e+00,3.641437232785972311e-01
-8.744018843456855539e-01,-1.142966704675020262e+00,3.980284497074489947e-01
-9.822766563829483655e-01,-1.010018154095004173e+00,4.273973640311606870e-01
-1.076102626229495707e+00,-8.623450679921661477e-01,4.518644612503334157e-01
-1.154526272862191449e+00,-7.025566215804613934e-01,4.711880584319300125e-01
-1.216471452672827747e+00,-5.334785791707085112e-01,4.852791852439634068e-01
-1.261153889457267363e+00,-3.580221567578371622e-01,4.941437416515225278e-01
-1.288081965578842025e+00,-1.790548670984241642e-01,4.977930477471613768e-01
-1.297045470110069099e+00,7.093926380433296375e-04,4.961796313799408109e-01
-1.288094851709111532e+00,1.787887774827668363e-01,4.892059999094823253e-01
-1.261514129435779674e+00,3.529771042056973340e-01,4.768114655176515226e-01
-1.217790940239338093e+00,5.213561821009572439e-01,4.590866307631057408e-01
-1.157587229145817576e+00,6.822819268476719712e-01,4.363354276309604485e-01
-1.081713799438463797e+00,8.343471802731378117e-01,4.090283619393940695e-01
-9.911112855950030553e-01,9.763228721786932907e-01,3.776582272787106787e-01
-8.868390506976944199e-01,1.107081739476787119e+00,3.425778473180355332e-01
-7.700721221706789965e-01,1.225514632172828966e+00,3.039227251236295002e-01
-6.421048152669499576e-01,1.330455100716759764e+00,2.616820243378324973e-01
-5.043584970385623922e-01,1.420629683825705536e+00,2.158981413381678427e-01
-3.583903044294569629e-01,1.494647111410901230e+00,1.668930677995160428e-01
-2.058996528262480030e-01,1.551030636427989107e+00,1.153880071602440827e-01
-4.872992296648148702e-02,1.588287919856387509e+00,6.242901324273017472e-02
1.111365243922202151e-01,1.605006868678350296e+00,9.139478304649312213e-03
2.715912492653573818e-01,1.599965349771215406e+00,-4.357120551453266821e-02
4.304215496577297184e-01,1.572245346702447533e+00,-9.517711315544299944e-02
5.853421894701245076e-01,1.521343569538689655e+00,-1.454850707143090782e-01
7.340377643018192177e-01,1.447268733961056375e+00,-1.943986736225148670e-01
8.742153348204972918e-01,1.350612820532516301e+00,-2.416461205237300514e-01
1.003664912530595199e+00,1.232583535131368313e+00,-2.866418788912251658e-01
1.120323059104814556e+00,1.094989599166723115e+00,-3.285658154234109007e-01
1.222333404340720131e+00,9.401774115469140325e-01,-3.666046334222353709e-01
1.308098076890739758e+00,7.709239756574887137e-01,-4.001987354500410321e-01
1.376315652815376378e+00,5.902960191758807040e-01,-4.291388851880465483e-01
1.426003305568156909e+00,4.014902763552557485e-01,-4.534578551361941878e-01
1.456502612566836774e+00,2.076746565368166597e-01,-4.731934543894286138e-01
1.467469874968668542e+00,1.185090519504845841e-02,-4.881780980442133044e-01
1.458853134971473953e+00,-1.832466164065406633e-01,-4.979932500033231735e-01
1.430859375770086039e+00,-3.752117192629642051e-01,-5.021277603692811953e-01
1.383916394804324046e+00,-5.619901507165857568e-01,-5.002532032190788458e-01
1.318634335510625588e+00,-7.418703030958707645e-01,-4.924487344344018469e-01
1.235771837560058373e+00,-9.134405966593811543e-01,-4.792239085269517362e-01
1.136211214192479169e+00,-1.075511004099157342e+00,-4.612973792286086949e-01
1.020945848255318866e+00,-1.227000832375982897e+00,-4.392334859576624284e-01
8.910810172292451536e-01,-1.366805860919601878e+00,-4.131375215850826566e-01
7.478468186261078010e-01,-1.493670032224591937e+00,-3.826066084774356613e-01
5.926193548006168932e-01,-1.606093207306389603e+00,-3.470161546522990692e-01
4.269446217867653992e-01,-1.702301583240832139e+00,-3.060349267694820741e-01
2.525592223596937469e-01,-1.780290615995985926e+00,-2.600974187940582327e-01
7.140314672956526998e-02,-1.837928544239257223e+00,-2.105319111865685822e-01
-1.143781405586916655e-01,-1.873094041241946117e+00,-1.592051000177906739e-01
-3.024431590765834788e-01,-1.883823042898362887e+00,-1.078329300410888758e-01
-4.902753364731544661e-01,-1.868454278447948314e+00,-5.734122192786120231e-02
-6.752157326261374326e-01,-1.825776235600857555e+00,-7.663470466991700869e-03
-8.545091242344031723e-01,-1.755177013220258653e+00,4.189181630375568566e-02
-1.025365587068951312e+00,-1.656783014341613347e+00,9.192996339784084703e-02
-1.185037981634877058e+00,-1.531556842001281504e+00,1.423635351361366153e-01
-1.330911244619678913e+00,-1.381324389925511875e+00,1.922875752648945669e-01
-1.460593937441291734e+00,-1.208718289464931539e+00,2.403846585706145011e-01
-1.571999584120289173e+00,-1.017046903612312869e+00,2.855444246560620014e-01
-1.663407392680224861e+00,-8.101100257292551676e-01,3.272554550096299364e-01
-1.733497843676665484e+00,-5.919818933535286876e-01,3.655327932334085927e-01
-1.781364274617805110e+00,-3.667792792591432760e-01,4.004959344662165632e-01
-1.806503821526894038e+00,-1.384357030613118655e-01,4.319187961087419536e-01
-1.808790406015970520e+00,8.949185192036231140e-02,4.590292930898368651e-01
-1.788431758971841257e+00,3.139601930245719541e-01,4.806612092956993321e-01
-1.745913640129781230e+00,5.325108353540634054e-01,4.956910367990400301e-01
-1.681936903478631118e+00,7.432781440554573349e-01,5.035628391898211431e-01
-1.597355227607298866e+00,9.449423230404575547e-01,5.046311111628324353e-01
-1.493122112003297142e+00,1.136629479543939558e+00,5.000916931246973673e-01
-1.370254914915770117e+00,1.317756185272400904e+00,4.914507163918341304e-01
-1.229821381553772186e+00,1.487821246519251295e+00,4.797310185013640149e-01
-1.072950482990597587e+00,1.646164624460773274e+00,4.648059545868176157e-01
-9.008649222884426155e-01,1.791736368466941398e+00,4.452741572494457456e-01
-7.149283444016172329e-01,1.922934578683987317e+00,4.190942011878701079e-01
-5.166975511537679200e-01,2.037565380803168402e+00,3.848081181038719434e-01
-3.079700364871815754e-01,2.132941069937557721e+00,3.427468220823496337e-01
-9.081971911541075748e-02,2.206077725772250808e+00,2.954230867594728194e-01
1.323828303150793584e-01,2.253916723474136852e+00,2.466478535622947665e-01
3.589669712530196843e-01,2.273509292133944371e+00,1.996870257879706789e-01
5.859762177362817237e-01,2.262165198903501206e+00,1.555121848744976665e-01
8.102023488429239695e-01,2.217627110522158773e+00,1.123085303978069438e-01
1.028243965853683273e+00,2.138335248101828512e+00,6.670973048192760380e-02
1.236594989181239113e+00,2.023778681790250999e+00,1.612745981023419595e-02
1.431765307700761936e+00,1.874835548794935525e+00,-3.926032125960890462e-02
1.610427264531160807e+00,1.693956780427597897e+00,-9.623245295366547603e-02
1.769570452581942455e+00,1.485087480628953349e+00,-1.503021397289795724e-01
1.906639160567467517e+00,1.253324103607596163e+00,-1.984340879210978736e-01
2.019627726593888006e+00,1.004408519706247338e+00,-2.407539969156761439e-01
2.107120401094197959e+00,7.442045291179456568e-01,-2.799998868702867627e-01
2.168278412490194818e+00,4.782736718226042183e-01,-3.192680382222238267e-01
2.202789026388940474e+00,2.115944191774923877e-01,-3.598070720344185291e-01
2.210794399585434000e+00,-5.159683001878805075e-02,-4.001938358924991279e-01
2.192813128374372589e+00,-3.078867793984587098e-01,-4.369957980571587131e-01
2.149659892016849483e+00,-5.547167827937756757e-01,-4.662509356663920856e-01
2.082363984763471620e+00,-7.903716722013599538e-01,-4.850369458635316322e-01
1.992088100186912625e+00,-1.013922212446376259e+00,-4.926021550702631702e-01
1.880052765342232091e+00,-1.225114046803641665e+00,-4.907014260870187217e-01
1.747475636997124049e+00,-1.424193156987206388e+00,-4.829781462911287848e-01
1.595535645014643400e+00,-1.611658964754353329e+00,-4.735379814246886143e-01
1.425369122662028420e+00,-1.787948277821736598e+00,-4.651965589580885352e-01
1.238099720717052321e+00,-1.953079413374219309e+00,-4.581073107334364680e-01
1.034897660400867503e+00,-2.106321009376595832e+00,-4.494728209201827029e-01
8.170583697989231009e-01,-2.245976669365004952e+00,-4.347245330769214933e-01
5.860875653961710174e-01,-2.369365953734870800e+00,-4.098871300570908760e-01
3.437805895112953092e-01,-2.473015648058256133e+00,-3.740229901814419167e-01
9.228741094178150028e-02,-2.552977406998214960e+00,-3.302270747841095089e-01
-1.658415710619098871e-01,-2.605130134840668354e+00,-2.841880152721688590e-01
-4.276320435131297781e-01,-2.625371393548730836e+00,-2.408025792059450831e-01
-6.896882731898570373e-01,-2.609738325355547062e+00,-2.008378265503313609e-01
-9.482272046546758038e-01,-2.554623338132897103e+00,-1.600179025470584160e-01
-1.199151863136419971e+00,-2.457242376617278623e+00,-1.116374971797330640e-01
-1.438172569999502270e+00,-2.316341885571519654e+00,-5.147017163019032560e-02
-1.660982809080489675e+00,-2.132906781944162944e+00,1.818594004783843920e-02
-1.863488331381116803e+00,-1.910535881235883915e+00,8.852651500785210792e-02
-2.042065887911328481e+00,-1.655268736954914610e+00,1.491062098297913641e-01
-2.193796495646386013e+00,-1.374891610685674559e+00,1.945050572330540850e-01
-2.316607033481120403e+00,-1.077956243033307837e+00,2.275924550185760287e-01
-2.409287905221183301e+00,-7.728130756170462634e-01,2.567190887570330871e-01
-2.471410418263352504e+00,-4.668842985065870255e-01,2.895863093238898456e-01
-2.503196734076967189e+00,-1.662462951909040032e-01,3.288354722603895608e-01
-2.505383131474063774e+00,1.245274744741794032e-01,3.716225537772953613e-01
-2.479090575700867660e+00,4.023315480082201856e-01,4.119070335721443099e-01
-2.425702067775445947e+00,6.653542801020931874e-01,4.433485986920499000e-01
-2.346746635402045200e+00,9.128314751065927934e-01,4.616748793515296212e-01
-2.243794680275152942e+00,1.144805745192033930e+00,4.661292649218563566e-01
-2.118372104698138081e+00,1.361931301606291944e+00,4.597275906715861948e-01
-1.971900753472719758e+00,1.565300422288899318e+00,4.481794501840806744e-01
-1.805671079592398920e+00,1.756231349013082754e+00,4.377444768537043229e-01
-1.620849973492471507e+00,1.935968580781244119e+00,4.327410897100588683e-01
-1.418522853482392820e+00,2.105294041186732912e+00,4.336376045097506404e-01
-1.199764872600425969e+00,2.264111865005471458e+00,4.365838896792578749e-01
-9.657321116011818862e-01,2.411126312599114030e+00,4.348794000294046169e-01
-7.177615986402952064e-01,2.543742536506527152e+00,4.221226317814651408e-01
-4.574707166333802366e-01,2.658245467839757126e+00,3.957108116716224755e-01
-1.868506012830553065e-01,2.750169249767940638e+00,3.585898799397132519e-01
9.165033768482255816e-02,2.814658735589311789e+00,3.176573561047043581e-01
3.750602142635444114e-01,2.846661916736187514e+00,2.791983351655894507e-01
6.598481164029690316e-01,2.840989476611317066e+00,2.440030449269795232e-01
9.419365561737567116e-01,2.792497530946910445e+00,2.056534953427008039e-01
1.216778529438195866e+00,2.696688225275796214e+00,1.539667877116837891e-01
1.479508363916251179e+00,2.550777926809598029e+00,8.229490981914974745e-02
1.725163858133416772e+00,2.354893393889023301e+00,-5.792442762751509600e-03
1.948968246909690727e+00,2.112833940144904332e+00,-9.564956792295223331e-02
2.145425196053522221e+00,1.811050406940301505e+00,-4.463715453274562650e-01
2.310233343446032261e+00,1.481896838260249316e+00,-4.782872316191247863e-01
2.441232373821782708e+00,1.139126717223456486e+00,-4.664869744866325663e-01
2.537736952311301586e+00,7.950440416981424674e-01,-4.471928034856890166e-01
2.600191295309596029e+00,4.595790983189063650e-01,-4.239018657697829484e-01
2.629869016915688640e+00,1.397833634940910952e-01,-3.975462280078342348e-01
2.628581286670261363e+00,-1.600490188779365996e-01,-3.681909248114411115e-01
2.598434230068134454e+00,-4.378701563898774185e-01,-3.351511881010768024e-01
2.541654629885114147e+00,-6.932561743899371409e-01,-2.975519319629472692e-01
2.460470088692353841e+00,-9.268284637229059486e-01,-2.548493754534791877e-01
2.357025387898707969e+00,-1.139784259670930888e+00,-2.072194860791728710e-01
2.233327991160162007e+00,-1.333554388156978243e+00,-1.556933673095716453e-01
2.091223089855235973e+00,-1.509569675055116855e+00,-1.019077675892151869e-01
1.932397959517595964e+00,-1.669097750408268910e+00,-4.756297368530684744e-02
1.758411345270127768e+00,-1.813116094729654515e+00,6.116648501015869988e-03
1.570740550576291250e+00,-1.942206045130302039e+00,5.863573148158249260e-02
1.370838218291900557e+00,-2.056470300019036301e+00,1.100928433052129340e-01
1.160191722423428384e+00,-2.155483050173618409e+00,1.607619395753186742e-01
9.403795135751180645e-01,-2.238277289497517586e+00,2.106180025542510881e-01
7.131202591362335586e-01,-2.303366866053808693e+00,2.590426871146814802e-01
4.803123004482781067e-01,-2.348802017373890827e+00,3.048540925950032898e-01
2.440624961680659677e-01,-2.372268962363847322e+00,3.466485030116882582e-01
6.703863743324101065e-03,-2.371255675061846091e+00,3.832835641433288698e-01
-2.292002403666166810e-01,-2.343300457412254900e+00,4.142551150407552951e-01
-4.608706308595567069e-01,-2.286311396567230148e+00,4.397733687455368523e-01
-6.853527671612680283e-01,-2.198907799931818730e+00,4.604991225496587459e-01
-8.995892690746940534e-01,-2.080714878329555262e+00,4.770728410059302815e-01
-1.100525242021887395e+00,-1.932555420427229942e+00,4.896761034471620588e-01
-1.285238783033569865e+00,-1.756517500338388382e+00,4.978568510294348881e-01
-1.451080242016585364e+00,-1.555906947884009961e+00,5.007245187531549346e-01
-1.595798591053339210e+00,-1.335093546626156646e+00,4.974295768844666510e-01
-1.717635155204958020e+00,-1.099239779504048053e+00,4.876720626341847220e-01
-1.815373581737534048e+00,-8.539043519678576333e-01,4.719314625272755803e-01
-1.888345196234541890e+00,-6.045685001365496136e-01,4.512454252207572791e-01
-1.936396088344314537e+00,-3.562004821637271834e-01,4.266498978739389214e-01
-1.959826062878024411e+00,-1.129756535179550631e-01,3.986389788217746810e-01
-1.959311388499590523e+00,1.218091703192792502e-01,3.670031020337870542e-01
-1.935822844635525231e+00,3.456788482842528265e-01,3.311422162977163408e-01
-1.890547670811662195e+00,5.568651594951886663e-01,2.906284418576018380e-01
-1.824820423986927453e+00,7.541908424111215536e-01,2.456530949711560330e-01
-1.740065477093011070e+00,9.369637244011829180e-01,1.971125020185365562e-01
-1.637753102864191179e+00,1.104866277368449223e+00,1.463362479224440127e-01
-1.519370616270033780e+00,1.257826460089882081e+00,9.465159155542832159e-02
-1.386409070533685339e+00,1.395870173199355468e+00,4.301729182580057986e-02
-1.240364583174195845e+00,1.518969964664815597e+00,-8.121162107603968616e-03
-1.082751951529503431e+00,1.626911726241502931e+00,-5.872737559252985684e-02
-9.151270924463970058e-01,1.719200140955612133e+00,-1.089001505753774135e-01
-7.391141003093493200e-01,1.795016672310897787e+00,-1.585683427477963259e-01
-5.564324404254132883e-01,1.853234342659804357e+00,-2.072944443732442077e-01
-3.689200702577182245e-01,1.892485301376104934e+00,-2.542720745494700951e-01
-1.785490032822318884e-01,1.911272806629461085e+00,-2.985092499128941812e-01
1.256941417399892735e-02,1.908118094931267938e+00,-3.390973725254965432e-01
2.021918902682717789e-01,1.881731270907119002e+00,-3.754252217480830156e-01
3.879656100670942909e-01,1.831191127896747650e+00,-4.072348804790265620e-01
5.674676678422165832e-01,1.756113152365363694e+00,-4.345104602323993648e-01
7.382617882823208078e-01,1.656782674618778151e+00,-4.572815386185978825e-01
8.979694337177497321e-01,1.534234505630804213e+00,-4.754585200119879618e-01
1.044348761266820302e+00,1.390269279308959716e+00,-4.887847846030989318e-01
1.175372562600211834e+00,1.227404276863289345e+00,-4.969173591276386803e-01
1.289296476199418784e+00,1.048759957568314638e+00,-4.995739719048223337e-01
1.384711047120491756e+00,8.578873429309615828e-01,-4.966451762939537717e-01
1.460574110158360917e+00,6.585526857142979251e-01,-4.881912173251780063e-01
1.516222327524632263e+00,4.545124638151099572e-01,-4.743250593665361281e-01
1.551362618801567450e+00,2.493198646208510394e-01,-4.550786351783716599e-01
1.566046249491511499e+00,4.619174539865496254e-02,-4.303798218121573926e-01
1.560630279831279887e+00,-1.520614903950169849e-01,-4.001914079682339365e-01
1.535732044653694395e+00,-3.430615235081903580e-01,-3.647318274750591671e-01
1.492181990062595887e+00,-5.248629466499911134e-01,-3.246195555654739495e-01
1.430979119697538771e+00,-6.959354887598757644e-01,-2.808256363902233987e-01
1.353252245626245465e+00,-8.551214439293596259e-01,-2.344463116719285589e-01
1.260229386378739935e+00,-1.001561594989336834e+00,-1.864202137688738825e-01
1.153216768487904886e+00,-1.134592828248653484e+00,-1.373380432452197264e-01
1.033587784919341335e+00,-1.253632415658203714e+00,-8.742921906843040269e-02
9.027810262453999091e-01,-1.358070305579618386e+00,-3.671396623140768534e-02
7.623053637066410371e-01,-1.447189491659312433e+00,1.476485674517644120e-02
6.137492466363874133e-01,-1.520127514897522625e+00,6.674100285718051473e-02
4.587910054075599042e-01,-1.575883064648133436e+00,1.186406918005456779e-01
2.992070369449788547e-01,-1.613363996893326879e+00,1.696409213541184291e-01
1.368751736189308676e-01,-1.631468753364849755e+00,2.188293887696584894e-01
-2.622893246422264291e-02,-1.629191593517008707e+00,2.653821715866041542e-01
-1.880441524559357536e-01,-1.605741087337648532e+00,3.086763965194901926e-01
-3.464463780828250794e-01,-1.560659418420195843e+00,3.482980109083609888e-01
-4.992821104728359938e-01,-1.493927996923959833e+00,3.839638873913696626e-01
-6.444130162607757395e-01,-1.406045120044547625e+00,4.154187488830797248e-01
-7.797695383955807191e-01,-1.298065415429583647e+00,4.423695006724511769e-01
-9.034095005552826851e-01,-1.171597120181582463e+00,4.644865880987464335e-01
-1.013575964010052788e+00,-1.028758531798239284e+00,4.814583568471232367e-01
-1.108748212252655962e+00,-8.720973033743125713e-01,4.930565173111557398e-01
-1.187680898186762812e+00,-7.044774341616585334e-01,4.991704331854219800e-01
-1.249428555805942809e+00,-5.289423972207015767e-01,4.997897935179719253e-01
-1.293354948353297340e+00,-3.485693742502979364e-01,4.949468083352240866e-01
-1.319128461295792976e+00,-1.663344409550743808e-01,4.846572737057311953e-01
-1.326705835217525165e+00,1.499370961141884007e-02,4.689091179883843052e-01
-1.316307144081528380e+00,1.929233026624357916e-01,4.477237053106176701e-01
-1.288385229193873771e+00,3.652743275614652174e-01,4.212647255697800075e-01
-1.243592893530937937e+00,5.301853683775002990e-01,3.899249228380011756e-01
-1.182751078140654721e+00,6.860972699331940872e-01,3.543206563632946837e-01
-1.106820930865950681e+00,8.317148441974583362e-01,3.151762610143035159e-01
-1.016882032938229097e+00,9.659473920002027425e-01,2.731506729290299473e-01
-9.141180419534500334e-01,1.087832914024153608e+00,2.286993020136474930e-01
-7.998097782477453510e-01,1.196456979045850799e+00,1.820486224547533671e-01
-6.753345798013843382e-01,1.290881489943390692e+00,1.333005587403118530e-01
-5.421698202796185750e-01,1.370098442258836480e+00,8.261404474165598422e-02
-4.018979642929283447e-01,1.433018963986267602e+00,3.036953241154347061e-02
-2.562104395037370086e-01,1.478500424522475987e+00,-2.276956392967580123e-02
-1.069078478822735878e-01,1.505407235968114099e+00,-7.592971772312498424e-02
4.410554415706058329e-02,1.512696469981783531e+00,-1.281927684319558447e-01
1.948346744221030047e-01,1.499517840468832963e+00,-1.787626781972832257e-01
3.432151839786004022e-01,1.465317404247877375e+00,-2.270462069317204234e-01
4.871443657689706885e-01,1.409933947756495831e+00,-2.726160466262764759e-01
6.245215526704688269e-01,1.333676509567897517e+00,-3.150975852568677071e-01
7.532965467419847627e-01,1.237372245434728901e+00,-3.540639580213201798e-01
8.715229578709755565e-01,1.122376850388123293e+00,-3.890122382640807119e-01
9.774118661193782476e-01,9.905443249506030723e-01,-4.194361912394209968e-01
1.069380712884169693e+00,8.441574793780456387e-01,-4.449456869638775958e-01
1.146092978501624726e+00,6.858246980508314605e-01,-4.653509574090978207e-01
1.206485648273093236e+00,5.183529897916868689e-01,-4.806510275624492623e-01
1.249783111264873403e+00,3.446123859866821459e-01,-4.909266472382728397e-01
1.275497626960012898e+00,1.674098965627591196e-01,-4.962014575962544471e-01
1.283417804759703129e+00,-1.061093212472223601e-02,-4.963611322921056557e-01
1.273587673776403140e+00,-1.870366515372323124e-01,-4.911896810919788026e-01
1.246279726660114662e+00,-3.597177052405433062e-01,-4.805099107358518085e-01
1.201965641638183424e+00,-5.267752913726156949e-01,-4.643450441574731302e-01
1.141288235314109167e+00,-6.865861579772475354e-01,-4.429974641810449087e-01
1.065037705961634273e+00,-8.377465191438845382e-01,-4.169856546948241816e-01
9.741344632790538416e-01,-9.790150154325135690e-01,-3.868655293909927240e-01
8.696197842318166282e-01,-1.109238244328737411e+00,-3.530353401934479551e-01
7.526542094108514824e-01,-1.227269241360376961e+00,-3.156402462901201078e-01
6.245221870079855631e-01,-1.331895315286677262e+00,-2.746425705777301163e-01
4.866403041083922076e-01,-1.421792948508965759e+00,-2.300322939323297400e-01
3.405658320304365549e-01,-1.495522508803953210e+00,-1.820677271646619355e-01
1.880024015157695239e-01,-1.551566015559077139e+00,-1.314076701796526303e-01
3.080030406799716403e-02,-1.588401499420497354e+00,-7.904771030999771519e-02
-1.290501586268024692e-01,-1.604601925614933977e+00,-2.608312633288992211e-02
-2.894331229419357943e-01,-1.598946425920307002e+00,2.657416582519087078e-02
-4.481300112582420336e-01,-1.570533943007084376e+00,7.836566462006086531e-02
-6.028515408971018008e-01,-1.518890382063043498e+00,1.290513823610649202e-01
-7.512796853500416372e-01,-1.444058809543888211e+00,1.785029892655057571e-01
-8.911195789238293141e-01,-1.346660800853406892e+00,2.264600756151037009e-01
-1.020159423433344204e+00,-1.227919148492946144e+00,2.723982829503154290e-01
-1.136333947788880527e+00,-1.089637984599578724e+00,3.155778521151074711e-01
-1.237785143815685496e+00,-9.341423736889550300e-01,3.552244890599308702e-01
-1.322913938052805216e+00,-7.641821690201809902e-01,3.907202818128280297e-01
-1.390418165025360198e+00,-5.828052965264892693e-01,4.216935936609144120e-01
-1.439314607696971615e+00,-3.932079986774842939e-01,4.479724404534931592e-01
-1.468944811746227375e+00,-1.985760055590050643e-01,4.694482263816678325e-01
-1.478965583362728653e+00,-1.937024079097834917e-03,4.859419548446294312e-01
-1.469326054427620543e+00,1.939551834478832615e-01,4.971610502818845090e-01
-1.440234397434545288e+00,3.866929921940476800e-01,5.027855346490878174e-01
-1.392118573561280437e+00,5.742416450435977593e-01,5.026423986082829698e-01
-1.325586440057941795e+00,7.549244704989880317e-01,4.968557531757750168e-01
-1.241390768939297340e+00,9.273701758841655929e-01,4.858506944361619118e-01
-1.140404095710301435e+00,1.090424181889188437e+00,4.701640543753694557e-01
-1.023606799662681199e+00,1.243028730383624270e+00,4.501398017091301496e-01
-8.920895097484262681e-01,1.384085226613524844e+00,4.256861229224097043e-01
-7.470681641484564484e-01,1.512323415863199072e+00,3.962783860301283267e-01
-5.899074560686445867e-01,1.626208775134782902e+00,3.612840937382227890e-01
-4.221467515212824484e-01,1.723915279238513287e+00,3.204979305193401684e-01
-2.455224262994992745e-01,1.803373489298510046e+00,2.746016960883989055e-01
-6.198188849900287956e-02,1.862380360951988889e+00,2.252300261432534645e-01
1.263133896453971783e-01,1.898741036087441492e+00,1.745026785141650938e-01
3.169967188548781234e-01,1.910415274334098301e+00,1.242099997834430203e-01
5.075170741769257088e-01,1.895659437798838054e+00,7.510184351654811130e-02
6.951726776121283091e-01,1.853172387846617530e+00,2.672454976865953902e-02
8.771590422290953537e-01,1.782253277115356971e+00,-2.205735614712725501e-02
1.050633445206200056e+00,1.682959285862720256e+00,-7.214341525640680097e-02
1.212795647165133772e+00,1.556227833298137631e+00,-1.234368983563164657e-01
1.360980070071948544e+00,1.403920998326135594e+00,-1.747148141968014878e-01
1.492749609879968853e+00,1.228767295223292200e+00,-2.242036697814998869e-01
1.605978892586439111e+00,1.034206591638653583e+00,-2.704657709269727706e-01
1.698916818445902921e+00,8.241689127557022543e-01,-3.129910056509334071e-01
1.770223415782295140e+00,6.028262755367900239e-01,-3.521179532098140941e-01
1.818981180500016226e+00,3.743513618854093505e-01,-3.883986742139465820e-01
1.844683956427401128e+00,1.427064056961258598e-01,-4.218735195856712084e-01
1.847207109978920236e+00,-8.852454141081105010e-02,-4.517067129090622801e-01
1.826762678944580776e+00,-3.162553705259282810e-01,-4.763631753115308287e-01
1.783843432240137972e+00,-5.379704712717786608e-01,-4.942157120187263830e-01
1.719160679925576973e+00,-7.517506451724466077e-01,-5.042826419074347699e-01
1.633582053314190485e+00,-9.562476250197154970e-01,-5.067352122631848532e-01
1.528076812261052631e+00,-1.150597392864478374e+00,-5.028960543563957275e-01
1.403676653831753551e+00,-1.334264537906655557e+00,-4.946654539055518329e-01
1.261458638344260086e+00,-1.506822206433988898e+00,-4.835868675608924194e-01
1.102553456159944156e+00,-1.667692773151028485e+00,-4.699793487217976962e-01
9.281774100323237908e-01,-1.815897219042321931e+00,-4.526162292824739142e-01
7.396814764064707504e-01,-1.949876098690493942e+00,-4.292509899794058059e-01
5.386073179611743367e-01,-2.067438022575428747e+00,-3.978858881775312328e-01
3.267395103747754437e-01,-2.165853953353389372e+00,-3.581865329862853331e-01
1.061455769790937698e-01,-2.242058964060378301e+00,-3.121731481558686072e-01
-1.208007913820243751e-01,-2.292883153840476140e+00,-2.635765637490382618e-01
-3.514147199894601670e-01,-2.315245624519880252e+00,-2.160275806498194451e-01
-5.827134022737083807e-01,-2.306308421700039801e+00,-1.710918165872971353e-01
-8.114486976705166388e-01,-2.263653198946016687e+00,-1.274384489491257322e-01
-1.034162901027620984e+00,-2.185551865594948850e+00,-8.183589598165955104e-02
-1.247274001692520118e+00,-2.071333684572328693e+00,-3.149809102851466869e-02
-1.447195755307231435e+00,-1.921750216432640324e+00,2.369458005667976486e-02
-1.630490268168050649e+00,-1.739185368988140690e+00,8.067685136166855009e-02
-1.794036434115561685e+00,-1.527598088139312305e+00,1.349207032179105814e-01
-1.935183198458912956e+00,-1.292193848655003530e+00,1.832886722203948826e-01
-2.051854542336979392e+00,-1.038923088269831263e+00,2.258958862701757331e-01
-2.142589451312411519e+00,-7.739422460398995840e-01,2.655745455768493413e-01
-2.206524516711643180e+00,-5.031442784082768016e-01,3.055177310588231832e-01
-2.243340921571381763e+00,-2.318085851630071192e-01,3.469900520068830430e-01
-2.253194630949976407e+00,3.562371244902158562e-02,3.885050910559567638e-01
-2.236637870660929117e+00,2.956593981049662756e-01,4.265317869000665452e-01
-2.194533357137416374e+00,5.457628627798171150e-01,4.570102245582557954e-01
-2.127963355280471092e+00,7.842915562862681211e-01,4.769509568167461522e-01
-2.038139384290332146e+00,1.010389367264291627e+00,4.856013204587367182e-01
-1.926321203171785124e+00,1.223856329408503418e+00,4.847983489381090250e-01
-1.793754421917695518e+00,1.424985961705574899e+00,4.783192898028357787e-01
-1.641634873081627477e+00,1.614344726968503840e+00,4.703846852132994583e-01
-1.471104969152400743e+00,1.792476765790027349e+00,4.638397380767241840e-01
-1.283282960204389811e+00,1.959549997833038182e+00,4.587562861276052173e-01
-1.079320825515968751e+00,2.115005155472542420e+00,4.521656795002780838e-01
-8.604815727720664942e-01,2.257306285536905932e+00,4.393011882977074789e-01
-6.282239409035839106e-01,2.383888232402969987e+00,4.160593879993282895e-01
-3.842835613071573508e-01,2.491329554493573628e+00,3.815413784231250771e-01
-1.307434647349989820e-01,2.575669671220202961e+00,3.390625389963543013e-01
1.299102030110261818e-01,2.632715669938209491e+00,2.945833927504794003e-01
3.947516430074127225e-01,2.658225836487210003e+00,2.530987406652663863e-01
6.604049864961718530e-01,2.648007093964317882e+00,2.151244491566658146e-01
9.230698150285341352e-01,2.598111142315127964e+00,1.757860101428957156e-01
1.178593845150956776e+00,2.505320264797090246e+00,1.276492487132923903e-01
1.422601688386672114e+00,2.367931049312364422e+00,6.600379551584975579e-02
1.650681349477173265e+00,2.186584717075573892e+00,-6.700456546636562871e-03
1.858619104082104290e+00,1.964757422928087527e+00,-8.067218467762163336e-02
2.042658486717578992e+00,1.708627550077311374e+00,-1.438876898483247013e-01
2.199739698816876476e+00,1.426310457881196703e+00,-1.895737706907897613e-01
2.327662669354678471e+00,1.126725219204503636e+00,-2.204365250886627658e-01
2.425131249998346838e+00,8.184907147311956122e-01,-2.460587878261481232e-01
2.491679895670945388e+00,5.091681284256263096e-01,-2.759192399750435287e-01
2.527528035231545900e+00,2.049214086844466931e-01,-3.139068875889253762e-01
2.533419188848910153e+00,-8.954574188075896390e-02,-3.574812502167762363e-01
2.510479602546894284e+00,-3.709371300079757350e-01,-4.002066353231700235e-01
2.460100014964336612e+00,-6.372528445204165282e-01,-4.350243861591894801e-01
2.383829058068711149e+00,-8.876183799448363887e-01,-4.568131485647884960e-01
2.283271423564970704e+00,-1.122072413146737668e+00,-4.639354501607942938e-01
2.159995598556873730e+00,-1.341348673066028008e+00,-4.586875632768300237e-01
2.015462915973684765e+00,-1.546661252285210120e+00,-4.465193975946181171e-01
1.850989150213572465e+00,-1.739464871074704044e+00,-4.341273215637119209e-01
1.667744871286067854e+00,-1.921151197014046241e+00,-4.269479800086247723e-01
1.468580379654857326e+00,-2.059216287263176071e+00,4.396222699062488082e-02
1.256488898558943079e+00,-2.175078528418890045e+00,1.276345535729060676e-01
1.033736256601750281e+00,-2.271948280732004832e+00,1.660373528516555230e-01
8.022599511315307019e-01,-2.350136848200294892e+00,2.103834610250910619e-01
5.640108574199764746e-01,-2.408346856205744402e+00,2.592922370426958834e-01
3.211060780833954187e-01,-2.444376453757478806e+00,3.070429505022741479e-01
7.589624853535936744e-02,-2.455553011715094769e+00,3.501980222069701609e-01
-1.690101485340751442e-01,-2.439092843211810191e+00,3.873237444694080933e-01
-4.107516665373187603e-01,-2.392477340256460749e+00,4.183143565906871642e-01
-6.462483111700583205e-01,-2.313847790506079249e+00,4.438442160371590672e-01
-8.722706662106147757e-01,-2.202363960605630666e+00,4.647612301881690611e-01
-1.085546270325817853e+00,-2.058460755011468635e+00,4.814801732044980964e-01
-1.282897855924367780e+00,-1.883967252885822896e+00,4.936295934610041014e-01
-1.461398050496165668e+00,-1.682092059870756495e+00,5.001644430486987813e-01
-1.618517246734709092e+00,-1.457290897421492426e+00,4.999254993295448868e-01
-1.752240309037998545e+00,-1.215008335793120731e+00,4.923540854287961066e-01
-1.861135530966716134e+00,-9.612694914588094663e-01,4.779311802786122554e-01
-1.944371463161834734e+00,-7.021461484288292754e-01,4.580315506879014675e-01
-2.001687117350409828e+00,-4.432165835718448466e-01,4.342441636390174109e-01
-2.033326578470125767e+00,-1.891785716687605645e-01,4.075757685035154010e-01
-2.039952080062860773e+00,5.629855645836008560e-02,3.780394277883186716e-01
-2.022550171209990921e+00,2.905199916413819250e-01,3.448647616041523589e-01
-1.982342534211587237e+00,5.116150300936385120e-01,3.071571940059055761e-01
-1.920707878329880325e+00,7.183786769300349873e-01,2.645770834131394578e-01
-1.839117457108488951e+00,9.101372987856474195e-01,2.176601798544436084e-01
-1.739085404921744571e+00,1.086627286792479330e+00,1.676686492487629854e-01
-1.622134974912296856e+00,1.247865109826584940e+00,1.161295591150189599e-01
-1.489781314109588140e+00,1.393999126528788102e+00,6.433396667429289173e-02
-1.343530233048806588e+00,1.525150947464700257e+00,1.302603697174728459e-02
-1.184890963311079348e+00,1.641266135802194048e+00,-3.761677520808351383e-02
-1.015399612124238127e+00,1.741997325848672284e+00,-8.774747893921844288e-02
-8.366490965620145825e-01,1.826638285321296573e+00,-1.374900756943137348e-01
-6.503208487293863360e-01,1.894117902663325914e+00,-1.866282130229822978e-01
-4.582136630023161405e-01,1.943052812127884499e+00,-2.344840313046080704e-01
-2.622657295214827489e-01,1.971850617484522727e+00,-2.800381487240929390e-01
-6.456681053129531556e-02,1.978853800252989847e+00,-3.222217335319089715e-01
1.326419405528176387e-01,1.962514412686342302e+00,-3.602229480244317772e-01
3.269831108283447474e-01,1.921586949457432913e+00,-3.936481529590240003e-01
5.159758503464326740e-01,1.855320306270213271e+00,-4.224680778244277457e-01
6.970881304506744147e-01,1.763623979620797533e+00,-4.468035570593898997e-01
8.678072477771090476e-01,1.647184539076114396e+00,-4.666869236467309223e-01
1.025723085051780004e+00,1.507516701132244341e+00,-4.819323199010049352e-01
1.168614907013409532e+00,1.346943194887644912e+00,-4.921748335956205311e-01
1.294531293144704609e+00,1.168502809073851401e+00,-4.970396194856131489e-01
1.401854626873445087e+00,9.757882332169137696e-01,-4.963257106622737114e-01
1.489344909415038831e+00,7.727238252918445793e-01,-4.900760995758491889e-01
1.556160685788567033e+00,5.633126104858606764e-01,-4.784783934223685309e-01
1.601857096190395291e+00,3.513997468348202813e-01,-4.616689036538775825e-01
1.626363282322977000e+00,1.404967813674032340e-01,-4.396039830133747772e-01
1.629943832716397090e+00,-6.631661798150660647e-02,-4.121269951092304540e-01
1.613150630043578948e+00,-2.664289117731294954e-01,-3.792100509319215051e-01
1.576771443237730663e+00,-4.576988081150423215e-01,-3.412061676920191688e-01
1.521780296010708522e+00,-6.384397561035869417e-01,-2.989292085171487701e-01
1.449293194138260965e+00,-8.073845945896548359e-01,-2.534965494794835239e-01
1.360531818336625287e+00,-9.636200220049097043e-01,-2.060238476554349385e-01
1.256797060990313852e+00,-1.106487387750764606e+00,-1.573406823092586004e-01
1.139453365911173188e+00,-1.235460075453321815e+00,-1.078649639001742211e-01
1.009923605742566011e+00,-1.350018365411314258e+00,-5.767711854153848017e-02
8.696929168084766015e-01,-1.449545132157968874e+00,-6.738016430287846470e-03
7.203188077517039822e-01,-1.533260580515218630e+00,4.486062384610076115e-02
5.634441840485104880e-01,-1.600204890640062994e+00,9.672596195264557273e-02
4.008097770205103494e-01,-1.649268219500320543e+00,1.481412765505492890e-01
2.342627847358700333e-01,-1.679261107447463042e+00,1.981872888270526933e-01
6.575911715847015948e-02,-1.689015727893456331e+00,2.459387875147481528e-01
-1.026428056675554590e-01,-1.677507761515428131e+00,2.906386916206383786e-01
-2.687984028906884593e-01,-1.643987343456254857e+00,3.317732091201247568e-01
-4.305048390478123377e-01,-1.588104817617258968e+00,3.690308977735935470e-01
-5.855412199384335548e-01,-1.510015110863570209e+00,4.021905439517280412e-01
-7.317203264606708668e-01,-1.410446352727193764e+00,4.310127230353612005e-01
-8.669488706761911967e-01,-1.290724340404853843e+00,4.551943132003185566e-01
-9.892908938465898583e-01,-1.152751492798391064e+00,4.743993304365784480e-01
-1.097027521483378232e+00,-9.989432131016863226e-01,4.883341614646877771e-01
-1.188706616413934158e+00,-8.321256638535637906e-01,4.968152274768112830e-01
-1.263177818848675971e+00,-6.554007175963115772e-01,4.997873991924660642e-01
-1.319611108918901765e+00,-4.719899123892742909e-01,4.972821547428435407e-01
-1.357499352181841923e+00,-2.850774318739014990e-01,4.893417918382806375e-01
-1.376646832544456744e+00,-9.767513850672153441e-02,4.759639975455439709e-01
-1.377146643042246099e+00,8.747420740247398296e-02,4.571193499916813563e-01
-1.359350247457689287e+00,2.679523623577020897e-01,4.328517295581758573e-01
-1.323832707046297630e+00,4.416863826754172107e-01,4.034083042045705225e-01
-1.271357070354925733e+00,6.069429178479007758e-01,3.693091791763077891e-01
-1.202841259688361975e+00,7.622995967349054380e-01,3.312924534311417757e-01
-1.119330355640660857e+00,9.065933415198016432e-01,2.901460224703055202e-01
-1.021976359999453132e+00,1.038846975617664148e+00,2.465107779637446261e-01
-9.120263292492707397e-01,1.158181595508062989e+00,2.007617053409898877e-01
-7.908184268119342608e-01,1.263728810855514473e+00,1.530325384484666207e-01
-6.597842285188637579e-01,1.354560100234732056e+00,1.033732280974984652e-01
-5.204547561725167970e-01,1.429648321644410691e+00,5.196008359962686618e-02
-3.744673089352466011e-01,1.487869658050517740e+00,-7.489559236947551657e-04
-2.235701935907326021e-01,1.528045789566578216e+00,-5.399304872037649639e-02
-6.962280399026732347e-02,1.549019172852673210e+00,-1.068293354876043433e-01
8.541102074305029213e-02,1.549750828364577115e+00,-1.583278063792664947e-01
2.394779908245541211e-01,1.529429369383578985e+00,-2.077341899312063200e-01
3.904599573171971816e-01,1.487580066125181899e+00,-2.545194148208845819e-01
5.362087806701121284e-01,1.424162223969879681e+00,-2.983062942444308918e-01
6.745910855021726160e-01,1.339642800504197373e+00,-3.387381712696050373e-01
8.035408362600942045e-01,1.235035682725383444e+00,-3.753840948586432136e-01
9.211157918367014474e-01,1.111899916958131618e+00,-4.077440992030637590e-01
1.025552592468037094e+00,9.722951222353052314e-01,-4.353484704543763018e-01
1.115315125926815254e+00,8.186968206943897597e-01,-4.578815135613903964e-01
1.189131913355034209e+00,6.538786622313529362e-01,-4.752428529997817508e-01
1.246019970126934329e+00,4.807737069923801454e-01,-4.874983803138067673e-01
1.285294311339024276e+00,3.023324057566172951e-01,-4.947446707166537339e-01
1.306563750835820326e+00,1.213970216316847123e-01,-4.969707945988989239e-01
1.309714938531926443e+00,-5.939242223847622515e-02,-4.940107915498731517e-01
1.294887661991198202e+00,-2.376555813333338096e-01,-4.856283582060331172e-01
1.262445107222531337e+00,-4.112967208511461581e-01,-4.716910493916987024e-01
1.212942908445280743e+00,-5.785041911717635488e-01,-4.523280747291994475e-01
1.147100510215441904e+00,-7.377283644740143531e-01,-4.279676054446329703e-01
1.065777771489371251e+00,-8.876378509499548430e-01,-3.992186420025208848e-01
9.699588931663500890e-01,-1.027053903789224565e+00,-3.666565426493849644e-01
8.607446036897901109e-01,-1.154868346419643865e+00,-3.306326726172886810e-01
7.393521444342713300e-01,-1.269958065550465642e+00,-2.912214272685719196e-01
6.071211945579551017e-01,-1.371114434249204317e+00,-2.483459117217751422e-01
4.655228063479321943e-01,-1.457005467940227783e+00,-2.020243758174490589e-01
3.161679722722536834e-01,-1.526181533935016654e+00,-1.526056301183845998e-01
1.608126973392529635e-01,-1.577124875911512847e+00,-1.008571070031695494e-01
1.357225686552387955e-03,-1.608333948249063505e+00,-4.784471787734392856e-02
-1.601620198562312414e-01,-1.618429405660153586e+00,5.337750056720519387e-03
-3.215886095128117628e-01,-1.606269534248777164e+00,5.784093695374789568e-02
-4.806711029795673884e-01,-1.571065330866540544e+00,1.091823820247082855e-01
-6.350977586867203595e-01,-1.512485769018930393e+00,1.591589172682102704e-01
-7.825416681248056339e-01,-1.430742048698912194e+00,2.076165938414174794e-01
-9.207158402831800981e-01,-1.326639139059063277e+00,2.542274888729946225e-01
-1.047435485287474100e+00,-1.201586420561613133e+00,2.984072290635236824e-01
-1.160682219964048523e+00,-1.057565526852329407e+00,3.394090297740416373e-01
-1.258663494629636004e+00,-8.970585294806207033e-01,3.765184911835700587e-01
-1.339861082883865295e+00,-7.229411681507454945e-01,4.092217298110324419e-01
-1.403064613776781266e+00,-5.383464713795566015e-01,4.372527419681188077e-01
-1.447388596921384663e+00,-3.465082237045892799e-01,4.605090356512658856e-01
-1.472273192440028966e+00,-1.506012961065012479e-01,4.789004803823030398e-01
-1.477470089247287399e+00,4.639914349323766285e-02,4.922297704193238088e-01
-1.463015846328930225e+00,2.418208988630928258e-01,5.001858347581799036e-01
-1.429196230027311332e+00,4.333522642906347255e-01,5.024687604179786105e-01
-1.376506210677719944e+00,6.190554570575413917e-01,4.989787918473592709e-01
-1.305610950108324397e+00,7.973410106555770538e-01,4.899419873323819230e-01
-1.217313064881453188e+00,9.669061517604741196e-01,4.758615833374290061e-01
-1.112530593903630960e+00,1.126638851719085954e+00,4.572823400068156685e-01
-9.922884142765513449e-01,1.275493570421117218e+00,4.344814278771050864e-01
-8.577234632964139127e-01,1.412354625475054304e+00,4.072758285305962955e-01
-7.101014365521483018e-01,1.535913773128384063e+00,3.751082734580418743e-01
-5.508403112267414858e-01,1.644592943738585999e+00,3.374376799689952078e-01
-3.815348130355558087e-01,1.736535516641550148e+00,2.942700768971303615e-01
-2.039762010918588775e-01,1.809670247101866414e+00,2.465268222340764870e-01
-2.016325350425884899e-02,1.861829726705798604e+00,1.959719582393358583e-01
1.676977002247885817e-01,1.890893638722828785e+00,1.446464608935301432e-01
3.572043803189151046e-01,1.894933811406561253e+00,9.407378751393377647e-02
5.457821190153422375e-01,1.872356480685792190e+00,4.469363193116646094e-02
7.307204507221116696e-01,1.822049973068722073e+00,-4.112666398009029445e-03
9.092247204589096743e-01,1.743540278474947192e+00,-5.338883808378117046e-02
1.078484263738658244e+00,1.637136244941982843e+00,-1.037297607141926259e-01
1.235755764809302493e+00,1.504027854482074877e+00,-1.547004783543971806e-01
1.378455497842690392e+00,1.346301572175754080e+00,-2.049094047743988123e-01
1.504249786339344697e+00,1.166857556038067179e+00,-2.526769315629532331e-01
1.611132002884926528e+00,9.692409939520504336e-01,-2.968417469759440097e-01
1.697477554586627857e+00,7.574183260766299552e-01,-3.371613677854458091e-01
1.762073513479873510e+00,5.355334601657516513e-01,-3.740703179543497514e-01
1.804123873152664981e+00,3.076744328476300194e-01,-4.080136413030973630e-01
1.823233473834671603e+00,7.767319514877597808e-02,-4.388192731944587921e-01
1.819374148644817391e+00,-1.510480839447760348e-01,-4.654837669983936665e-01
1.792836886213866165e+00,-3.755805492486389841e-01,-4.864719252751089629e-01
1.744174409964467376e+00,-5.935845630761510394e-01,-5.003671024794204003e-01
1.674139572988780911e+00,-8.032993051483307001e-01,-5.065489609179155694e-01
1.583626171201484079e+00,-1.003500687534435665e+00,-5.055520644997290036e-01
1.473619711020266232e+00,-1.193397583532466166e+00,-4.988863971752240944e-01
1.345165515669588086e+00,-1.372460923462212046e+00,-4.883447100990468970e-01
1.199359608014609169e+00,-1.540195423228700067e+00,-4.750831974259855928e-01
1.037364020259267994e+00,-1.695885629034251219e+00,-4.589246340522922241e-01
8.604433232889152627e-01,-1.838368960192103829e+00,-4.383085405264185441e-01
6.700146487048030952e-01,-1.965897153665115527e+00,-4.110609932506196218e-01
4.677009064615758049e-01,-2.076131315381823939e+00,-3.757212471176006874e-01
2.553772749600433656e-01,-2.166271647007489420e+00,-3.327344456771231807e-01
3.520392651746750978e-02,-2.233270223081840200e+00,-2.847140783190741375e-01
-1.903583428509014741e-01,-2.274050843240732256e+00,-2.354110375821295842e-01
-4.185502110886012428e-01,-2.285688641216944816e+00,-1.878395550050459273e-01
-6.463336977344018575e-01,-2.265566889447422128e+00,-1.426728787499601803e-01
-8.704315404502989129e-01,-2.211576177147565048e+00,-9.800399442111742965e-02
-1.087390752596083088e+00,-2.122404551572174114e+00,-5.077354731189590020e-02
-1.293676648058218026e+00,-1.997888624427609949e+00,9.428529355329506867e-04
-1.485800520538873348e+00,-1.839312217802604232e+00,5.628600300394279166e-02
-1.660474168620943880e+00,-1.649518890264183080e+00,1.118222502067237334e-01
-1.814769889740035724e+00,-1.432768235520489819e+00,1.636022078367414812e-01
-1.946254372697559409e+00,-1.194368265597754553e+00,2.096351334469897798e-01
-2.053069552172651413e+00,-9.401889907155994708e-01,2.509122577180801228e-01
-2.133952973670457887e+00,-6.761720529982985228e-01,2.902656205996930749e-01
-2.188210582157578799e+00,-4.079149347344410148e-01,3.300996934431265073e-01
-2.215661904778816194e+00,-1.403635154017363607e-01,3.706825484490349210e-01
-2.216571250968073947e+00,1.223808487053633237e-01,4.098751046325713743e-01
-2.191569631817230857e+00,3.771448358429141945e-01,4.440760915671643216e-01
-2.141568940778115326e+00,6.216732639583123499e-01,4.697070708727250077e-01
-2.067672230091843311e+00,8.545548972874622562e-01,4.846300887199487262e-01
-1.971087317228741975e+00,1.075112752720863929e+00,4.890299730614015017e-01
-1.853052801493152879e+00,1.283267241503649236e+00,4.854219945750867238e-01
-1.714785484619227640e+00,1.479356053661007087e+00,4.777013949893199607e-01
-1.557456352958001888e+00,1.663887777546768865e+00,4.695262925837323520e-01
-1.382198845558195943e+00,1.837224798447633978e+00,4.626494541648281666e-01
-1.190148433869245403e+00,1.999229138891576829e+00,4.559386078819355204e-01
-9.825072809261901075e-01,2.148947982186941275e+00,4.456827185296629024e-01
-7.606233878486652333e-01,2.284439011371631523e+00,4.273255612328651365e-01
-5.260722306729210818e-01,2.402808874117023041e+00,3.980151363922840302e-01
-2.807312576078502264e-01,2.500451650766152056e+00,3.586124175213382115e-01
-2.684155211848371358e-02,2.573372683684481466e+00,3.137036509737808343e-01
2.329469980835685572e-01,2.617451050041234240e+00,2.691552475511834741e-01
4.955516741214951448e-01,2.628580990167786346e+00,2.284158013909108609e-01
7.574613333138031646e-01,2.602789076116194700e+00,1.899276373044437027e-01
1.014779201976963696e+00,2.536521960554193100e+00,1.476728599121404917e-01
1.263314711172188742e+00,2.427231576613415598e+00,9.503982189014945070e-02
1.498731264487235038e+00,2.274166192547887988e+00,2.988668538314950829e-02
1.716747849947679372e+00,2.079060083328100106e+00,-4.259582756311988683e-02
1.913379403652110122e+00,1.846374971399748821e+00,-1.117542621607202913e-01
2.085184049246658233e+00,1.582922101516260005e+00,-1.676039501714018665e-01
2.229468512419682469e+00,1.296967307167070649e+00,-2.071730541428184191e-01
2.344401088749854978e+00,9.971337910261349746e-01,-2.360268095246499664e-01
2.429008138373703218e+00,6.914623884760205952e-01,-2.637385419113132956e-01
2.483073789289196753e+00,3.868427693559668978e-01,-2.973950641216883684e-01
2.506992489581409522e+00,8.879529055591624254e-02,-3.380782050812040085e-01
2.501621264987098137e+00,-1.985490043985828623e-01,-3.815311379293194749e-01
2.468152531447843856e+00,-4.723845064745903488e-01,-4.210229990230277552e-01
2.408004090990750523e+00,-7.311094425562175703e-01,-4.502846738721163478e-01
2.322716464922825352e+00,-9.741503425763761159e-01,-4.656263272744328718e-01
2.213855646870792171e+00,-1.201758192389304591e+00,-4.670475044290373079e-01
2.082929265934891028e+00,-1.414800438065652921e+00,-4.581990502996166059e-01
1.931328096930086780e+00,-1.614540968829070389e+00,-4.451301912642736669e-01
1.760302495992403848e+00,-1.802374499413968545e+00,-4.341001270037426751e-01
1.570977806158399215e+00,-1.979488024082253661e+00,-4.291306120812424796e-01
1.364406812354542309e+00,-2.146460759991422051e+00,-4.301966856371538528e-01
1.141652106622425888e+00,-2.302871439483887173e+00,-4.329157324119040640e-01
9.038872764216331346e-01,-2.447030582799346377e+00,-4.302214248731789370e-01
6.525042575201708273e-01,-2.575952792121487533e+00,-4.156863855256790474e-01
3.892158998925139279e-01,-2.685598563244877113e+00,-3.870408324841935199e-01
1.161462496926028987e-01,-2.771276812052081873e+00,-3.477436163341610653e-01
-1.640971079904964824e-01,-2.828010656647576226e+00,-3.050932756899317200e-01
-4.483755918798149054e-01,-2.850728805791549192e+00,-2.654112424796341019e-01
-7.330069086137918077e-01,-2.834346218893529112e+00,-2.291156899493362042e-01
-1.013798679685478321e+00,-2.773996919682256035e+00,-1.892944567435864978e-01
-1.286138013177269501e+00,-2.665681956662355745e+00,-1.356626095329051263e-01
-1.545141987826152308e+00,-2.507322802819560437e+00,-6.222025207587936202e-02
-1.785873396367527066e+00,-2.299843073276313987e+00,2.629369524005195635e-02
-2.003627820176983931e+00,-2.047749275386317791e+00,1.144794406713696977e-01
-2.193196704494692284e+00,-1.737298458959197101e+00,4.531148336924769593e-01
-2.350304373878007169e+00,-1.401890289183223226e+00,4.747316274858758289e-01
-2.473142413360405634e+00,-1.055558100482590911e+00,4.590049618666353082e-01
-2.561340533090439742e+00,-7.106902227785864001e-01,4.380660246287629844e-01
-2.615587376495746241e+00,-3.769876637469577463e-01,4.132791671933472299e-01
-2.637331596850474469e+00,-6.093805333419603787e-02,3.860382681699360274e-01
-2.628505923244020437e+00,2.339421715598264950e-01,3.573782594181221794e-01
-2.591293448307080638e+00,5.063759870059402202e-01,3.264247630236906117e-01
-2.527954755920382546e+00,7.564985756995311617e-01,2.909382457993484605e-01
-2.440712744491036368e+00,9.851933973941021661e-01,2.489087091839604360e-01
-2.331681630127706129e+00,1.193671321729240509e+00,1.999013940093544439e-01
-2.202829074626865946e+00,1.383246411460406611e+00,1.453958262811834989e-01
-2.055965476950211368e+00,1.555213704511597461e+00,8.811890391511209564e-02
-1.892756572053073905e+00,1.710748382302616610e+00,3.090136449011535169e-02
-1.714755010886096054e+00,1.850787675268189103e+00,-2.431551670752188365e-02
-1.523445706832905033e+00,1.975897291030942027e+00,-7.691529454483717054e-02
-1.320299490323465941e+00,2.086148309422168889e+00,-1.273939353293559729e-01
-1.106829798524455510e+00,2.181035269202649118e+00,-1.766779102977455163e-01
-8.846473850596370259e-01,2.259455390230338256e+00,-2.253151904381641979e-01
-6.555086526282531967e-01,2.319751759232156374e+00,-2.729217102863589206e-01
-4.213546406916164333e-01,2.359812077786293649e+00,-3.181548612516965635e-01
-1.843394391793815590e-01,2.377216685757945314e+00,-3.592273852707715820e-01
5.315278411170365480e-02,2.369439491164953004e+00,-3.946764987403020841e-01
2.885051493257131394e-01,2.334107300665293039e+00,-4.239506435516392502e-01
5.188866970028869208e-01,2.269306291030433798e+00,-4.474887775516808164e-01
7.413012931627258606e-01,2.173897061284156607e+00,-4.662749525317507748e-01
9.526725926143821965e-01,2.047783202457342355e+00,-4.811474477469143141e-01
1.149961772006687033e+00,1.892086576704569145e+00,-4.922538817322151816e-01
1.330303919557658698e+00,1.709207014270697433e+00,-4.989428575351954054e-01
1.491142666241582537e+00,1.502761098755955649e+00,-5.001483646195171717e-01
1.630344228013023589e+00,1.277391486157481770e+00,-4.950526074201430093e-01
1.746278826437878351e+00,1.038435277730352047e+00,-4.836165738986234475e-01
1.837863604051509947e+00,7.914740057077994662e-01,-4.666039702234431319e-01
1.904564390096043391e+00,5.418558223512109917e-01,-4.450668956376847563e-01
1.946357530917664835e+00,2.943184761247897296e-01,-4.196842380706132802e-01
1.963660236833745465e+00,5.279547931795731952e-02,-3.904531999718524604e-01
1.957244675036962978e+00,-1.796092939719395321e-01,-3.569224845491422160e-01
1.928151514906577324e+00,-4.005567232985642323e-01,-3.187314120713199417e-01
1.877612884114858272e+00,-6.083863426298351529e-01,-2.760467539721861430e-01
1.806988153137153219e+00,-8.020303893696213438e-01,-2.296435932797723789e-01
1.717712797474361341e+00,-9.809146342032929455e-01,-1.806582535656719168e-01
1.611260539783219148e+00,-1.144830308778497896e+00,-1.302189274412885178e-01
1.489119592009175541e+00,-1.293778387595441837e+00,-7.916070452586612682e-02
1.352783454653641915e+00,-1.427803841463251233e+00,-2.793113629179547197e-02
1.203755366609666089e+00,-1.546843830398755282e+00,2.331442366730382409e-02
1.043563896372401434e+00,-1.650610813867690263e+00,7.450008096139523750e-02
8.737859511731265183e-01,-1.738523426080407441e+00,1.254040659132183710e-01
6.960728910450242335e-01,-1.809688802401558272e+00,1.755198582635298654e-01
5.121754802003171125e-01,-1.862933300079063104e+00,2.240608761039009911e-01
3.239639756995142950e-01,-1.896876242519266897e+00,2.701008646495307586e-01
1.334404439408587439e-01,-1.910042374553105882e+00,3.127804416505196583e-01
-5.725902907358215721e-02,-1.901008972529899532e+00,3.514812998308894931e-01
-2.458744627678803862e-01,-1.868578937085374259e+00,3.858896850773686493e-01
-4.300467782353500912e-01,-1.811962056418064515e+00,4.159302188347052676e-01
-6.073591925126320401e-01,-1.730938646257272007e+00,4.416166343995894250e-01
-7.753954821724791113e-01,-1.625979629964410700e+00,4.629013588041698268e-01
-9.318123312707549122e-01,-1.498306336765470315e+00,4.795953018770359177e-01
-1.074419284764463134e+00,-1.349886066514800698e+00,4.913850065329466998e-01
-1.201257026888327362e+00,-1.183367394065232725e+00,4.979248191405741819e-01
-1.310664304214030240e+00,-1.001959629779623606e+00,4.989504149145557177e-01
-1.401326192811465754e+00,-8.092607509293953116e-01,4.943540351307075253e-01
-1.472300376176026271e+00,-6.090468035413875159e-01,4.841801919392406672e-01
-1.523021823658917251e+00,-4.050520565409937990e-01,4.685438819021169321e-01
-1.553288682657750330e+00,-2.007787849470050179e-01,4.475300007949652992e-01
-1.563233398659696016e+00,6.341105449221978718e-04,4.211629129089641266e-01
-1.553283524682266270e+00,1.964785662713184888e-01,3.894976273415079460e-01
-1.524116681386431305e+00,3.844961226631971596e-01,3.527904990575717603e-01
-1.476613895540378474e+00,5.628667576421902963e-01,3.116310059355907880e-01
-1.411815250566637703e+00,7.301766968070068087e-01,2.669265250000546486e-01
-1.330881382021434023e+00,8.853637855934620715e-01,2.197253568400111268e-01
-1.235063613562440432e+00,1.027637406904248207e+00,1.709668451170881232e-01
-1.125684349446451238e+00,1.156376749053172892e+00,1.212886597437855263e-01
-1.004127894906642782e+00,1.271020334354094450e+00,7.098341277243033764e-02
-8.718404785262869883e-01,1.370965287790997911e+00,2.011528321358010962e-02
-7.303371394299877917e-01,1.455494432075331135e+00,-3.126870069314438561e-02
-5.812124223309356186e-01,1.523743713381759290e+00,-8.293552052451250156e-02
-4.261515233548973658e-01,1.574714322909139375e+00,-1.343624092386096758e-01
-2.669386319013355990e-01,1.607326266996274233e+00,-1.847719039116146045e-01
-1.054596233009823525e-01,1.620505147675894486e+00,-2.332772210334656260e-01
5.630320581249947942e-02,1.613291636020955933e+00,-2.790582805004514499e-01
2.162861519891248197e-01,1.584962012678998944e+00,-3.214811462120749086e-01
3.723701147565876557e-01,1.535146826847133772e+00,-3.601134798046575769e-01
5.224179864736331336e-01,1.463933522946941457e+00,-3.946511705651253310e-01
6.643223654115584242e-01,1.371939497569971911e+00,-4.248184220237184450e-01
7.960606190115084857e-01,1.260345510325560303e+00,-4.503088089167440744e-01
9.157525388915315201e-01,1.130884633503771886e+00,-4.707994488899657215e-01
1.021714958889862190e+00,9.857868479406873830e-01,-4.860194484374310564e-01
1.112508147896015487e+00,8.276832297267534555e-01,-4.958183534443146856e-01
1.186970245179907124e+00,6.594779597778240854e-01,-5.001806237742282280e-01
1.244237779527413323e+00,4.842024506563438746e-01,-4.991684534568224807e-01
1.283751897203052827e+00,3.048715282241330482e-01,-4.928274499864545577e-01
1.305251258005389214e+00,1.243618309544432671e-01,-4.811245593227769790e-01
1.308753743464595720e+00,-5.467508069575381657e-02,-4.639765917924211225e-01
1.294530066622945119e+00,-2.298639867843805251e-01,-4.413700213006467310e-01
1.263072859367398770e+00,-3.991286215399460491e-01,-4.135044229473027189e-01
1.215064777445714173e+00,-5.606926918763744938e-01,-3.808637304468521778e-01
1.151348752177152601e+00,-7.130613687607799678e-01,-3.441565541737406919e-01
1.072902887340594358e+00,-8.549816422557326989e-01,-3.041461340310692707e-01
9.808216856460162392e-01,-9.853816618973231245e-01,-2.614585863968673651e-01
8.763042892530505945e-01,-1.103295438222930303e+00,-2.164719092128254696e-01
7.606493177069214573e-01,-1.207785930459599699e+00,-1.693430634367888710e-01
6.352548665584245580e-01,-1.297882607925443077e+00,-1.201562962867416540e-01
5.016214868285100437e-01,-1.372547415226492484e+00,-6.911399891356953540e-02
3.613556240968811561e-01,-1.430676748415946387e+00,-1.667239329643624424e-02
2.161710656220350302e-01,-1.471139360623838543e+00,3.644390644776049348e-02
6.788631133926670280e-02,-1.492843968134040411e+00,8.934929838065638896e-02
-8.158375113273597101e-02,-1.494827104368053883e+00,1.411641018772894218e-01
-2.302431169799061816e-01,-1.476350789181184675e+00,1.911521467028148569e-01
-3.760378910555657317e-01,-1.436999237332836410e+00,2.387649630535502998e-01
-5.168881749484539601e-01,-1.376763436775620741e+00,2.835876899037498289e-01
-6.507286007840622499e-01,-1.296102893723093397e+00,3.252381342120526098e-01
-7.755561683488718661e-01,-1.195976407218372950e+00,3.632902550516189377e-01
-8.894823154285280697e-01,-1.077838149804115853e+00,3.972683329289549148e-01
-9.907846719024886450e-01,-9.435996383787249586e-01,4.267085594465339637e-01
-1.077953426965504002e+00,-7.955606558998288280e-01,4.512437675425030603e-01
-1.149727955886235664e+00,-6.363133975205653714e-01,4.706573237088019779e-01
-1.205120960340175573e+00,-4.686264350545458757e-01,4.848742621926857010e-01
-1.243429203249400539e+00,-2.953196019671954775e-01,4.938954267011678168e-01
-1.264231467857398927e+00,-1.191451541876881598e-01,4.977141972705351192e-01
-1.267375522834031765e+00,5.730953066250406291e-02,4.962691167866876141e-01
-1.252956709047257755e+00,2.316881807639655233e-01,4.894687803247091962e-01
-1.221291322539171498e+00,4.018992248355298114e-01,4.772807666890014344e-01
-1.172888228671483235e+00,5.661204407491523538e-01,4.598285754722536423e-01
-1.108422081651668778e+00,7.227789137391552599e-01,4.374246080061351405e-01
-1.028711121808378204e+00,8.705088232513914503e-01,4.105012913611457703e-01
-9.347017403985058426e-01,1.008089462064207131e+00,3.794688230831323450e-01
-8.274608356790242869e-01,1.134369337402759248e+00,3.445836703986228100e-01
-7.081755653806498518e-01,1.248187869641589343e+00,3.059186573334738979e-01
-5.781587133547765323e-01,1.348310661367442043e+00,2.634744104847993595e-01
-4.388568726004955511e-01,1.433394267274633149e+00,2.173883462520603549e-01
-2.918582489584415907e-01,1.501990702089168517e+00,1.681279449354445565e-01
-1.388971403626755308e-01,1.552592575964348631e+00,1.165452651891055458e-01
1.814716359700718762e-02,1.583711092875212278e+00,6.373675266625408731e-02
1.772585503223103043e-01,1.593975098746239327e+00,1.076620078471787756e-02
3.363003100426353864e-01,1.582240366267606779e+00,-4.159973410153408602e-02
4.930402955450803315e-01,1.547700974198068513e+00,-9.298987275848094591e-02
6.451859139477027494e-01,1.489994981614043423e+00,-1.433017907504822441e-01
7.904294405333691653e-01,1.409293870584210628e+00,-1.924280949030886811e-01
9.265028147035556660e-01,1.306362572702466585e+00,-2.400049068409827735e-01
1.051238918066661698e+00,1.182578047198532323e+00,-2.853371979814208759e-01
1.162634193314252995e+00,1.039899960011641644e+00,-3.275434166056224727e-01
1.258906450713223935e+00,8.807942417624853304e-01,-3.658234291030036944e-01
1.338542340888861037e+00,7.081162879818910794e-01,-3.996789567097113194e-01
1.400330759495416633e+00,5.249651607024200528e-01,-4.289524174531332834e-01
1.443380415895612057e+00,3.345246869583052285e-01,-4.536703322094314261e-01
1.467121373191119904e+00,1.399109610977083418e-01,-4.737999169493295470e-01
1.471291666084065142e+00,-5.595506236900164854e-02,-4.890780088141727378e-01
1.455911418752561914e+00,-2.504381545624704830e-01,-4.990262551940151114e-01
1.421248175749237674e+00,-4.412402245525621214e-01,-5.031541855603168800e-01
1.367778130701960970e+00,-6.264156438578948327e-01,-5.012339932638073536e-01
1.296148394960386252e+00,-8.043525068896678620e-01,-4.934750855117232549e-01
1.207145352340649680e+00,-9.737181564416453883e-01,-4.804708301188586050e-01
1.101673418852359587e+00,-1.133367405178916210e+00,-4.629160379918292323e-01
9.807470148388164333e-01,-1.282219069791262323e+00,-4.412339263325765204e-01
8.454962547033626485e-01,-1.419118577415208415e+00,-4.153276842986716177e-01
6.971841230081716745e-01,-1.542715535385650094e+00,-3.846357149451594681e-01
5.372304463004221597e-01,-1.651388380303867587e+00,-3.485224650888884002e-01
3.672365903059615633e-01,-1.743238963018925114e+00,-3.068367348560389063e-01
1.890049950276311286e-01,-1.816159680460781134e+00,-2.603247076181079978e-01
4.549244356092607688e-03,-1.867954021396406761e+00,-2.106090132520722913e-01
-1.839074337935244774e-01,-1.896481218998052443e+00,-1.596699586784754710e-01
-3.739455654602912293e-01,-1.899803359655910961e+00,-1.090784119186853085e-01
-5.629745106231716090e-01,-1.876330919156666832e+00,-5.942245355604316992e-02
-7.482698249891417408e-01,-1.824973358880120466e+00,-1.028585830799247369e-02
-9.270248237170133354e-01,-1.745293976152588522e+00,3.919525053737057951e-02
-1.096418398296618024e+00,-1.637648159165865147e+00,8.954087122269069332e-02
-1.253698519163526592e+00,-1.503269554315604717e+00,1.404008244546826878e-01
-1.396275574263645902e+00,-1.344273919703713682e+00,1.906177432749654732e-01
-1.521814310299245188e+00,-1.163573323337523613e+00,2.387986268987941363e-01
-1.628311416174771376e+00,-9.647170863567532395e-01,2.839643430724078099e-01
-1.714149482416243098e+00,-7.516856292540802231e-01,3.258220785165332201e-01
-1.778124816046947609e+00,-5.286599741161738253e-01,3.645222870106249458e-01
-1.819451760284368946e+00,-2.997854745849066194e-01,4.001372961979495768e-01
-1.837747273385810454e+00,-6.895091309049498907e-02,4.322347876232396358e-01
-1.832998175156368648e+00,1.603921780403110842e-01,4.597906435208852782e-01
-1.805512942340165461e+00,3.853499216409195793e-01,4.814747872937868989e-01
-1.755861638185201246e+00,6.036396086350491741e-01,4.961795976175790157e-01
-1.684810357822982718e+00,8.135813559254269078e-01,5.035519695937534790e-01
-1.593258650629087336e+00,1.014034242817400289e+00,5.042492697944237490e-01
-1.482188821913302812e+00,1.204277150269472463e+00,4.997222171819356573e-01
-1.352634744034353576e+00,1.383831786084893656e+00,4.915421715216820031e-01
-1.205675001792545276e+00,1.552234187231079643e+00,4.805452907074635460e-01
-1.042451132071298803e+00,1.708781277194204362e+00,4.662293825081701426e-01
-8.642069853649794187e-01,1.852302783781301754e+00,4.468117322366919053e-01
-6.723410016034894188e-01,1.981021626683644454e+00,4.200965585644053091e-01
-4.684610101353368083e-01,2.092551574224864819e+00,3.848536261402227820e-01
-2.544319981963847344e-01,2.184034374378068577e+00,3.419723496788965589e-01
-3.241043485949490766e-02,2.252360501144217597e+00,2.945670734095305887e-01
1.951378606611309241e-01,2.294390239059812764e+00,2.467065060312155500e-01
4.254374046962865474e-01,2.307124389300263090e+00,2.013332898717406783e-01
6.554215069837361352e-01,2.287848166831512486e+00,1.586199849427079867e-01
8.817725336542168169e-01,2.234327412536138979e+00,1.159100778215325922e-01
1.100989245270602934e+00,2.145118348173451039e+00,6.947520869179410474e-02
1.309486594501328316e+00,2.019961507914779020e+00,1.712641209676743492e-02
1.503728713564644659e+00,1.860130104832719899e+00,-3.997648969488412640e-02
1.680386003486400437e+00,1.668571082004410178e+00,-9.763547413077691695e-02
1.836495499392527098e+00,1.449743733186135364e+00,-1.510357551021687394e-01
1.969596311159174995e+00,1.209185344307419419e+00,-1.976914511685922415e-01
2.077815072437691590e+00,9.529390788219948005e-01,-2.387535006973255103e-01
2.159890546307662085e+00,6.870091829869390265e-01,-2.777387639373191108e-01
2.215144479370355413e+00,4.169564214302495242e-01,-3.178140666628169742e-01
2.243417549971970182e+00,1.476558769395913129e-01,-3.596702839978586086e-01
2.244990023968781223e+00,-1.168267469748959647e-01,-4.011175530099296838e-01
2.220499224510450453e+00,-3.732922764851204778e-01,-4.381522995940488885e-01
2.170857152187301686e+00,-6.194226687878005011e-01,-4.666439727127783543e-01
2.097167582013877762e+00,-8.537535677365416520e-01,-4.839154299838429596e-01
2.000644024671807575e+00,-1.075599174308301764e+00,-4.897497119716450742e-01
1.882534947342992204e+00,-1.284923033835218442e+00,-4.865205875683119574e-01
1.744066329315230979e+00,-1.482145363582109576e+00,-4.783450895428603689e-01
1.586411559615477529e+00,-1.667878344033839833e+00,-4.694742711101699273e-01
1.410694998434878000e+00,-1.842594338901236251e+00,-4.624724948833619509e-01
1.218029730829482959e+00,-2.006261163381100943e+00,-4.569334256935394523e-01
1.009583766838214602e+00,-2.158016048869568770e+00,-4.494308931881408897e-01
7.866637747999246644e-01,-2.295974494639096974e+00,-4.350145935055184099e-01
5.508031330562781491e-01,-2.417250568823767765e+00,-4.098145745915476867e-01
3.038425690072947827e-01,-2.518186663907297174e+00,-3.734748868517218101e-01
4.799551520609646182e-02,-2.594688772900497931e+00,-3.298171816217109198e-01
-2.141063712905793004e-01,-2.642517699265070519e+00,-2.848930231014651371e-01
-4.793910753682715242e-01,-2.657455729789141685e+00,-2.432289760779201837e-01
-7.443520935063470123e-01,-2.635421499340665719e+00,-2.045566593293887403e-01
-1.005088883516610965e+00,-2.572724341230379963e+00,-1.634614660269210484e-01
-1.257389901674329957e+00,-2.466610414374873272e+00,-1.127724027949216501e-01
-1.496866338090489856e+00,-2.316044808731254179e+00,-4.896405521396221538e-02
-1.719142851276144635e+00,-2.122440262337873307e+00,2.401036221611260735e-02
-1.920102573104577770e+00,-1.889975770086520734e+00,9.568405277003474985e-02
-2.096158142958007176e+00,-1.625309402967412220e+00,1.550742795245366457e-01
-2.244486101714278981e+00,-1.336759015574324971e+00,1.977592475035220010e-01
-2.363154834289416861e+00,-1.033229531443227822e+00,2.283609889238630009e-01
-2.451119641221080059e+00,-7.232149363515231189e-01,2.564324133905228065e-01
-2.508118986065176692e+00,-4.140963414392741515e-01,2.896780889417794880e-01
-2.534530637397181430e+00,-1.117763632602032792e-01,3.298970541420896962e-01
-2.531227557381951598e+00,1.794252418960498585e-01,3.732895861618271693e-01
-2.499444308932061709e+00,4.566901032638915336e-01,4.132310037916039347e-01
-2.440651761162605737e+00,7.184882245929652411e-01,4.432981336834654895e-01
-2.356440004943502586e+00,9.643067454081019063e-01,4.595701500545555929e-01
-2.248414674761413323e+00,1.194401084921363099e+00,4.619169778126445136e-01
-2.118114269560800622e+00,1.409601002642520973e+00,4.540311069169530311e-01
-1.966955748704583451e+00,1.611136909678535067e+00,4.421049555113637508e-01
-1.796213676174411633e+00,1.800420011444922030e+00,4.325057238699184792e-01
-1.608835745713711463e+00,1.948732765601362216e+00,-3.423076701358698792e-02
-1.407414554341654744e+00,2.075761270355795496e+00,-1.117229571299322155e-01
-1.194135406092513785e+00,2.184628376264541316e+00,-1.437974361678061863e-01
-9.708457641526602178e-01,2.275963916271313892e+00,-1.835727623093720562e-01
-7.393676934317403582e-01,2.348875935065084519e+00,-2.305668912263289239e-01
-5.016479386834895582e-01,2.401527889810433081e+00,-2.790245775612457679e-01
-2.598337929605858410e-01,2.431513285422707504e+00,-3.247401329354505650e-01
-1.631170977463880511e-02,2.436153357288567634e+00,-3.651432011995839888e-01
2.262776485720368047e-01,2.412794486524004967e+00,-3.991185379326066540e-01
4.650476836437065220e-01,2.359139258488353263e+00,-4.268684673163437582e-01
6.969050680200348236e-01,2.273598298309938315e+00,-4.494341243641343242e-01
9.186280555924482005e-01,2.155613098627570778e+00,-4.679001492336257728e-01
1.126984234978021471e+00,2.005892545467309773e+00,-4.826514462431933383e-01
1.318875537611566617e+00,1.826527293771082361e+00,-4.930774877200657658e-01
1.491488669844483139e+00,1.620971596367242418e+00,-4.978952693552304298e-01
1.642428288069689879e+00,1.393885934877560961e+00,-4.959282086880537621e-01
1.769817138191611461e+00,1.150823375805133386e+00,-4.868787295178275132e-01
1.872355201842340389e+00,8.977621493347330839e-01,-4.715642735825201770e-01
1.949333875403750138e+00,6.405601590325583627e-01,-4.514165418772125848e-01
2.000604349774242507e+00,3.844777942824373906e-01,-4.276055771077916789e-01
2.026506858013083168e+00,1.338965640443293137e-01,-4.004418508337340699e-01
2.027776918890374702e+00,-1.077464759071348616e-01,-3.694447297192243740e-01
2.005447974278903089e+00,-3.378876467051343258e-01,-3.339276654430466396e-01
1.960764152415607864e+00,-5.547239282923187575e-01,-2.936283807130851686e-01
1.895108126658815229e+00,-7.571045825943533147e-01,-2.489965234497521218e-01
1.809943809538707704e+00,-9.444226157224219209e-01,-2.010624186823665449e-01
1.706773081267021652e+00,-1.116486070951419274e+00,-1.510644641592950033e-01
1.587107005391771963e+00,-1.273362072874911322e+00,-1.000747159309699763e-01
1.452452339636203460e+00,-1.415205293852923818e+00,-4.878392432388270472e-02
1.304313034627187839e+00,-1.542092960438818716e+00,2.504088349776306677e-03
1.144204652304181113e+00,-1.653888845303052912e+00,5.370642116786936149e-02
9.736781295887537713e-01,-1.750152426863067712e+00,1.047161379562834005e-01
7.943484583890074724e-01,-1.830100413516398072e+00,1.551913152978511012e-01
6.079236906841014587e-01,-1.892619673455788964e+00,2.044705047450773028e-01
4.162301298380024495e-01,-1.936326378834440698e+00,2.516490405180203949e-01
2.212304112585916638e-01,-1.959666621720652424e+00,2.957765025670963110e-01
2.503195589439966007e-02,-1.961055653944711930e+00,3.360788071921615439e-01
-1.701164472049268017e-01,-1.939050836675532574e+00,3.720987945795525276e-01
-3.618424008926217628e-01,-1.892544843003652000e+00,4.036941724452302038e-01
-5.476845560685215109e-01,-1.820954617868453917e+00,4.309068822499310114e-01
-7.251457144645601094e-01,-1.724376242901895617e+00,4.537806563051799413e-01
-8.917632670896973313e-01,-1.603681518547612095e+00,4.722206945670376355e-01
-1.045191880064213263e+00,-1.460545785414306019e+00,4.859573912232616477e-01
-1.183289436713198528e+00,-1.297408717830558667e+00,4.946185871372347220e-01
-1.304195325381733328e+00,-1.117373173897325822e+00,4.978635457007482001e-01
-1.406391446780195453e+00,-9.240449562444547071e-01,4.955061620927193600e-01
-1.488740246347225460e+00,-7.213204559166347396e-01,4.875597539609043407e-01
-1.550498641907060327e+00,-5.131458630997266512e-01,4.741738082189596026e-01
-1.591310120104525661e+00,-3.032898003522410124e-01,4.555005145794649435e-01
-1.611179108814124961e+00,-9.517134775477679998e-02,4.315913183633409700e-01
-1.610432488315322042e+00,1.082376351384438246e-01,4.024225004894600444e-01
-1.589673210090083666e+00,3.044461189093928266e-01,3.680614617460332694e-01
-1.549730686436969096e+00,4.914374376193373917e-01,3.288705257098410994e-01
-1.491612178807593780e+00,6.676402269601150463e-01,2.855999724669499029e-01
-1.416459004272880629e+00,8.318798211133876519e-01,2.392887215183730765e-01
-1.325510822236150021e+00,9.833053410386661808e-01,1.910161250061673532e-01
-1.220080292426503954e+00,1.121291168729203092e+00,1.416375438977180712e-01
-1.101539013194270611e+00,1.245321307876778638e+00,9.163724138216164383e-02
-9.713141361246926397e-01,1.354873819032300863e+00,4.116090614505449330e-02
-8.308937202735260374e-01,1.449325516721517770e+00,-9.801204872549679203e-03
-6.818379159105549814e-01,1.527893770023903697e+00,-6.117512482029244247e-02
-5.257925193996644264e-01,1.589624566137873396e+00,-1.126198209901022873e-01
-3.645013357039113000e-01,1.633427208127731900e+00,-1.634785860266677882e-01
-1.998140803896448769e-01,1.658149144308297407e+00,-2.128771384978317693e-01
-3.368709327927255082e-02,1.662680797327690696e+00,-2.599096738984104649e-01
1.318252998803604026e-01,1.646078918268975455e+00,-3.038152161572124088e-01
2.945904478059622189e-01,1.607695919810126162e+00,-3.440611668416312385e-01
4.524291070215780142e-01,1.547301006930176248e+00,-3.803100631495502926e-01
6.031591697877602964e-01,1.465178041636677753e+00,-4.123126984664678973e-01
7.446494816093425229e-01,1.362186927728490593e+00,-4.398056587334241430e-01
8.748796841107373545e-01,1.239780099312149053e+00,-4.624765599687218343e-01
9.920003767301037723e-01,1.099971372199538555e+00,-4.800098171137509029e-01
1.094387546689518098e+00,9.452588935691909056e-01,-4.921723741237303829e-01
1.180686281005425720e+00,7.785077128931660040e-01,-4.988735035190795530e-01
1.249840622785908906e+00,6.028029987875277440e-01,-5.001499563663510672e-01
1.301108289108805716e+00,4.212923292584596635e-01,-4.960791558979781302e-01
1.334060506248715416e+00,2.370402288549973702e-01,-4.866791439389263063e-01
1.348568552495768902e+00,5.291459016335216259e-02,-4.718755205045584988e-01
1.344779788988823110e+00,-1.284870536383097561e-01,-4.515794458676484213e-01
1.323086785606603977e+00,-3.048758116460048018e-01,-4.258439337364353650e-01
1.284093394944334054e+00,-4.742836626060535354e-01,-3.950015476998035568e-01
1.228581356658975832e+00,-6.350553836715545630e-01,-3.596858448436864863e-01
1.157480454024322203e+00,-7.858196831577545227e-01,-3.207065537937171529e-01
1.071844518131140234e+00,-9.254371177608363697e-01,-2.788384337996961948e-01
9.728346648885926040e-01,-1.052926916813407887e+00,-2.346359655238191844e-01
8.617100572320138818e-01,-1.167382662314812025e+00,-1.883707739297239281e-01
7.398253373509438013e-01,-1.267892869913217035e+00,-1.401209564680928887e-01
6.086328822248738835e-01,-1.353483505985776825e+00,-8.996264706752046814e-02
4.696873902047979943e-01,-1.423094974442049798e+00,-3.816483019649755115e-02
3.246501010350997252e-01,-1.475598277752807386e+00,1.470916936420504917e-02
1.752901542752935971e-01,-1.509847208518288797e+00,6.783903788164988291e-02
2.348104495742231457e-02,-1.524758182023971509e+00,1.202963394345911430e-01
-1.288093863345032286e-01,-1.519407201232587434e+00,1.712220301421706059e-01
-2.795366572360460378e-01,-1.493133020321341542e+00,2.199421173669929563e-01
-4.266060356736838255e-01,-1.445635219097870072e+00,2.659741875677735790e-01
-5.679081886255461509e-01,-1.377055571384677046e+00,3.089438106474443613e-01
-7.013636789957360396e-01,-1.288032207145718866e+00,3.484782035174117665e-01
-8.249742862559166223e-01,-1.179719603225001245e+00,3.841476045144344154e-01
-9.368772857607685633e-01,-1.053772327971051803e+00,4.154855921941827956e-01
-1.035397537997324813e+00,-9.122943436918778959e-01,4.420669835330909292e-01
-1.119092170578701806e+00,-7.577574246517021495e-01,4.635892009814409631e-01
-1.186783835385566421e+00,-5.928935253734924915e-01,4.799059022182728951e-01
-1.237580417841333658e+00,-4.205693141490806641e-01,4.909929344373250570e-01
-1.270880939748510352e+00,-2.436564245665985839e-01,4.968668910116730286e-01
-1.286368841125529849e+00,-6.491438793042918209e-02,4.975063387077466315e-01
-1.283994848713989834e+00,1.130992528155213145e-01,4.928295254332607511e-01
-1.263952351256292461e+00,2.880849177282252538e-01,4.827522539100596033e-01
-1.226648637109733153e+00,4.580243639754327245e-01,4.672966712713230164e-01
-1.172675489576401775e+00,6.211763563048310344e-01,4.466790522958729026e-01
-1.102782465311532123e+00,7.760484518555211819e-01,4.213069185140508877e-01
-1.017855667706580869e+00,9.213467545071986065e-01,3.916689610838898217e-01
-9.189039195155814799e-01,1.055906506270805734e+00,3.581731799341437705e-01
-8.070529629865614840e-01,1.178611146915013341e+00,3.210317773035907818e-01
-6.835468589364703806e-01,1.288313490394058070e+00,2.802755177852799262e-01
-5.497544392728566098e-01,1.383776112000284941e+00,2.359107521428665810e-01
-4.071778145992397402e-01,1.463646097701629012e+00,1.881456165591071927e-01
-2.574597312022672835e-01,1.526471877878729844e+00,1.375577823266301569e-01
-1.023869624774873532e-01,1.570759996652795421e+00,8.509282923777558572e-02
5.611235407113102092e-02,1.595061995474478467e+00,3.187143802177669349e-02
2.159788279346608331e-01,1.598079180980133573e+00,-2.110110116500965582e-02
3.750403920148615011e-01,1.578774965192236257e+00,-7.316130511089827260e-02
5.310403125122735712e-01,1.536486695088981724e+00,-1.240181327431467972e-01
6.816755053575225265e-01,1.471028205419137924e+00,-1.735722963921972062e-01
8.246453017485275705e-01,1.382771400460549804e+00,-2.216385432328699390e-01
9.577091011331586579e-01,1.272693691286208795e+00,-2.677446358422211903e-01
1.078749042244941059e+00,1.142380932077122102e+00,-3.111307850768866290e-01
1.185831944956790451e+00,9.939818577450320047e-01,-3.509452753577707584e-01
1.277264328663669790e+00,8.301168106504944744e-01,-3.865080748536168231e-01
1.351635463200133280e+00,6.537489049789185769e-01,-4.174747578129941461e-01
1.407845396585690079e+00,4.680305604669977027e-01,-4.438021874146232948e-01
1.445116803636659286e+00,2.761433060537308859e-01,-4.655461610456700372e-01
1.462990988485718624e+00,8.115149186603949627e-02,-4.826255399506652610e-01
1.461309691844078884e+00,-1.141127289622564794e-01,-4.947065780338820717e-01
1.440185683822643448e+00,-3.071249110117674763e-01,-5.012885063645643458e-01
1.399966283675178946e+00,-4.957053327188384872e-01,-5.019489301411869109e-01
1.341194661149119449e+00,-6.780218115700443748e-01,-4.966038140513876487e-01
1.264573954649558463e+00,-8.525596296298588728e-01,-4.856143417629584791e-01
1.170938900078580369e+00,-1.018056305857760302e+00,-4.696512328395147096e-01
1.061238704001162825e+00,-1.173400923361059833e+00,-4.493662556363960947e-01
9.365331754022558908e-01,-1.317506772278891569e+00,-4.250439602603580669e-01
7.980017322064498764e-01,-1.449178440137983026e+00,-3.964444812098523174e-01
6.469622823373233356e-01,-1.567003581432289794e+00,-3.629710446640120880e-01
4.848948867000151264e-01,-1.669299099488010585e+00,-3.241263751931074966e-01
3.134642488223049472e-01,-1.754128605963110710e+00,-2.800365417088360731e-01
1.345357225288703606e-01,-1.819386843009856536e+00,-2.317302112118656832e-01
-4.981867841935305741e-02,-1.862928218197736685e+00,-1.809541984856696539e-01
-2.373257173513645402e-01,-1.882712035683344221e+00,-1.295664151649848217e-01
-4.255278978621961361e-01,-1.876948167898457642e+00,-7.882583657319944259e-02
-6.118119687963667896e-01,-1.844242568337822741e+00,-2.899956699376562974e-02
-7.934500490998874778e-01,-1.783746778864881088e+00,2.046452038217946856e-02
-9.676554776741073116e-01,-1.695303947915738130e+00,7.030024772245266340e-02
-1.131654760362829082e+00,-1.579565981489153836e+00,1.207203115634837010e-01
-1.282773417895736623e+00,-1.438049254852703962e+00,1.710901427495724325e-01
-1.418528077755862205e+00,-1.273108076289261925e+00,2.201647075272557819e-01
-1.536712900406011384e+00,-1.087827713005657282e+00,2.666872235892679965e-01
-1.635468598194413703e+00,-8.858559181905630853e-01,3.099101893555581411e-01
-1.713327197002449731e+00,-6.711952369182246914e-01,3.496937660331508324e-01
-1.769231944653838484e+00,-4.479745952638085060e-01,3.861741069479859290e-01
-1.802535385212670649e+00,-2.202189998881378119e-01,4.192819393991936705e-01
-1.812978687031815861e+00,8.358309771784380726e-03,4.484313205951434567e-01
-1.800654249548933494e+00,2.345156555300993984e-01,4.725476202053709995e-01
-1.765954036938864435e+00,4.555786775748343342e-01,4.904214810788215528e-01
-1.709508307113601910e+00,6.694709112589743993e-01,5.012324273641109995e-01
-1.632121917083688922e+00,8.746863679108204392e-01,5.049892888984953698e-01
-1.534716769333043240e+00,1.070208746690685109e+00,5.026271466645749753e-01
-1.418288725290880459e+00,1.255375715784779578e+00,4.956317558361246212e-01
-1.283885499314993739e+00,1.429687704508102675e+00,4.852998864259302492e-01
-1.132608831899699853e+00,1.592573883745925789e+00,4.719716093130256196e-01
-9.656399673771283165e-01,1.743150069081977227e+00,4.546653548539393297e-01
-7.842829057707885188e-01,1.880023743551104465e+00,4.314340232023096133e-01
-5.900163871357559930e-01,2.001205128426151170e+00,4.004309703356579986e-01
-3.845445083565970368e-01,2.104157328662186632e+00,3.612241273485875537e-01
-1.698376617096128971e-01,2.185966637588883099e+00,3.155757289998345483e-01
5.184113676804602555e-02,2.243565415446391320e+00,2.670302563193825973e-01
2.779265109396289457e-01,2.273933893072805912e+00,2.193137844223177202e-01
5.055583538795864751e-01,2.274256431120177169e+00,1.743837458189808343e-01
7.316083765914902504e-01,2.242076968395227965e+00,1.313619023652917439e-01
9.527293030557524300e-01,2.175527465961801354e+00,8.716205123416895240e-02
1.165432216445038582e+00,2.073657791867409728e+00,3.858514897744211303e-02
1.366196107811334493e+00,1.936801047561674372e+00,-1.535379303239739479e-02
1.551606998173546303e+00,1.766834726476181450e+00,-7.240101434150961190e-02
1.718513208643645873e+00,1.567204908208441827e+00,-1.281638281711547089e-01
1.864173194121250043e+00,1.342669051637780830e+00,-1.787348170537665093e-01
1.986369293975059680e+00,1.098826777436236801e+00,-2.230214909753211183e-01
2.083468564534783241e+00,8.415798069562682171e-01,-2.630588026210222141e-01
2.154427439131066713e+00,5.766586278354067785e-01,-3.021696689240914724e-01
2.198751738004287581e+00,3.092892026048746357e-01,-3.424939213834196083e-01
2.216430224752444111e+00,4.399659647094529558e-02,-3.835688622936689329e-01
2.207857302673943423e+00,-2.154979799315023814e-01,-4.225148899577223505e-01
2.173752916000298185e+00,-4.663241975911633364e-01,-4.553280430764036213e-01
2.115081383921173064e+00,-7.064669975588168116e-01,-4.785026259501538037e-01
2.032969573831362453e+00,-9.347264929794524280e-01,-4.903799424553813013e-01
1.928628087578477812e+00,-1.150627183006234455e+00,-4.918117605478516952e-01
1.803283563555152513e+00,-1.354267700750192427e+00,-4.858963992100245877e-01
1.658132320906857693e+00,-1.546100985644461412e+00,-4.768077268378166922e-01
1.494323979060317553e+00,-1.726641758431859630e+00,-4.680786822688790538e-01
1.312979055831926090e+00,-1.896118990401412185e+00,-4.609851020413887612e-01
1.115238432969252846e+00,-2.054124319959486300e+00,-4.537711566687906428e-01
9.023365794504754067e-01,-2.199340586450222901e+00,-4.422680374636388523e-01
6.756862790537205843e-01,-2.329441808672838121e+00,-4.219131433634518702e-01
4.369619269561213493e-01,-2.441210329328132644e+00,-3.903605708769265492e-01
1.881712591516893074e-01,-2.530823592447919879e+00,-3.492117916209639406e-01
-6.829060654036367417e-02,-2.594179736535466851e+00,-3.035306432576209135e-01
-3.296083612002740360e-01,-2.627134249851232006e+00,-2.590010127311589416e-01
-5.925382559224505741e-01,-2.625631184391034267e+00,-2.182382747311538973e-01
-8.534293106246562122e-01,-2.585858867242352588e+00,-1.787019647578179937e-01
-1.108281025695595945e+00,-2.504614401081761699e+00,-1.340008801546065664e-01
-1.352845959168069934e+00,-2.379944667039454842e+00,-7.828589811240252438e-02
-1.582785036307524651e+00,-2.211903128983815137e+00,-1.111878130035851009e-02
-1.793878732737639092e+00,-2.003095953077510316e+00,6.070494025575609576e-02
-1.982281103083156415e+00,-1.758729186003615164e+00,1.263826853302941478e-01
-2.144773019139994297e+00,-1.486086589680640779e+00,1.777787849568096268e-01
-2.278947002082649220e+00,-1.193609398144572120e+00,2.146329695961622652e-01
-2.383272470883760263e+00,-8.898776572476291280e-01,2.440046121109372412e-01
-2.457044411927836514e+00,-5.827672787591372527e-01,2.746992137331386585e-01
-2.500263309147555901e+00,-2.789154147004337392e-01,3.116194023226154242e-01
-2.513496250505776963e+00,1.652376402397044697e-02,3.538161720624043438e-01
-2.497743279163867847e+00,2.999067829612139247e-01,3.960558889571598185e-01
-2.454311738811377985e+00,5.689697425491874183e-01,4.317271102627796564e-01
-2.384696972037430918e+00,8.225966469633830824e-01,4.554997406617883327e-01
-2.290472204745834794e+00,1.060565903320359160e+00,4.651606493508876339e-01
-2.173194363383716521e+00,1.283335715661886089e+00,4.623548886386953383e-01
-2.034333575227439184e+00,1.491868308028766910e+00,4.520071977661598295e-01
-1.875233050288826364e+00,1.687440605147120243e+00,4.405112911810772358e-01
-1.697103517969951847e+00,1.871381916529061717e+00,4.332526273800948458e-01
-1.501052816136292600e+00,2.044715235040651891e+00,4.323509060032745266e-01
-1.288147108633011628e+00,2.207739368536374869e+00,4.355436010164009941e-01
-1.059496015928212076e+00,2.359652940218939676e+00,4.368888398010167817e-01
-8.163509139567095563e-01,2.498355273191593895e+00,4.293756481306826300e-01
-5.602058755273005008e-01,2.620519736209121930e+00,4.085363334934609680e-01
-2.928943618829757956e-01,2.721910381109574839e+00,3.751465019797944889e-01
-1.667782881087132019e-02,2.797772906676769367e+00,3.350124823592030010e-01
2.656793577681175744e-01,2.843101334854348572e+00,2.953283064505106692e-01
5.508599621002139290e-01,2.852727007312544139e+00,2.594635817937022138e-01
8.349853323825959794e-01,2.821413346483155671e+00,2.236265150723032169e-01
1.113666036017889160e+00,2.744271782697053297e+00,1.782731755435758847e-01
1.382124463443760165e+00,2.617676019140450450e+00,1.143576492330379002e-01
1.635391236301343865e+00,2.440481976009312604e+00,3.098232831198086124e-02
1.868566735605630136e+00,2.215033644199586149e+00,-6.093870797959258234e-02
2.077132096246255166e+00,1.947429582839806050e+00,-1.428725926208588570e-01
2.256232011396831716e+00,1.627940601087372263e+00,-4.637908666924036583e-01
2.402208923467088475e+00,1.287742612143412790e+00,-4.798920738618096538e-01
2.513604561770709012e+00,9.408485763872763696e-01,-4.576833120856110826e-01
2.590395714268858285e+00,5.987899869084837290e-01,-4.329721578697319773e-01
2.633573585185706278e+00,2.700729835719693495e-01,-4.074439192996425207e-01
2.644801200455458634e+00,-3.982986338448861463e-02,-3.798376613377786315e-01
2.626129215790064642e+00,-3.280195414011687904e-01,-3.489452204723139106e-01
2.579788023408454478e+00,-5.935237169887256359e-01,-3.137150964345255533e-01
2.508046422374103912e+00,-8.366594173674447577e-01,-2.734071620944550363e-01
2.413114319447541511e+00,-1.058495749394817276e+00,-2.278848229609355125e-01
2.297076603638437575e+00,-1.260450526983780017e+00,-1.778541162192556480e-01
2.161856499926150477e+00,-1.444014042526852615e+00,-1.247867196409490342e-01
2.009209127006081452e+00,-1.610563847360698242e+00,-7.046915017833046968e-02
1.840742552546171584e+00,-1.761229073018773628e+00,-1.640874154090457560e-02
1.657959813406765903e+00,-1.896778726279793270e+00,3.657643200797164318e-02
1.462313768158292726e+00,-2.017529683805209473e+00,8.838644771094092412e-02
1.255267130094127381e+00,-2.123282718469283736e+00,1.393098274342417786e-01
1.038351404634330732e+00,-2.213294429983939438e+00,1.895283724284294313e-01
8.132199519969316448e-01,-2.286285299085230704e+00,2.387082851389930871e-01
5.816920147045638867e-01,-2.340480568370326253e+00,2.858766477722366472e-01
3.457862733169465574e-01,-2.373688630141224998e+00,3.296454824974500708e-01
1.077435028658666472e-01,-2.383435716226097512e+00,3.686740873305706101e-01
-1.299629311719898705e-01,-2.367179471117985656e+00,4.021346275407421400e-01
-3.646327033688263608e-01,-2.322604469495312074e+00,4.299408687158557951e-01
-5.933670915608180163e-01,-2.247965727374593214e+00,4.526223366133262926e-01
-8.131277068131528285e-01,-2.142415479071795303e+00,4.709072203532213008e-01
-1.020828995602453881e+00,-2.006246651052927987e+00,4.852252719536477299e-01
-1.213460687115499814e+00,-1.841015215987914511e+00,4.953887971322029626e-01
-1.388227175774633393e+00,-1.649540213928476939e+00,5.006296904229213807e-01
-1.542683440169370757e+00,-1.435794590418938421e+00,4.999920659198789918e-01
-1.674845665044969900e+00,-1.204684152636043004e+00,4.928821860035793589e-01
-1.783260988127066016e+00,-9.616987148060386348e-01,4.794602380552203114e-01
-1.867031282108191137e+00,-7.124540410339809116e-01,4.606128437909075002e-01
-1.925794828390779978e+00,-4.622168735456907984e-01,4.374897724071570293e-01
-1.959674862055863054e+00,-2.155436546041704093e-01,4.108876812371374809e-01
-1.969206582622154977e+00,2.388664045605699837e-02,3.808859603219428847e-01
-1.955254871126313576e+00,2.532636985181520584e-01,3.469698911914304018e-01
-1.918932946332035927e+00,4.705425243697723414e-01,3.085401648197984015e-01
-1.861528471455580425e+00,6.743207755435082218e-01,2.654640437942771269e-01
-1.784440545255321142e+00,8.637271999950842938e-01,2.183386304917956655e-01
-1.689129670739346389e+00,1.038314000967662798e+00,1.683580304630066526e-01
-1.577082358926231942e+00,1.197935752472906179e+00,1.169141126832709821e-01
-1.449791327255475659e+00,1.342607998636777600e+00,6.516869215627249523e-02
-1.308750985193905203e+00,1.472354512558853079e+00,1.379699573667889090e-02
-1.155466432736756532e+00,1.587062912874132037e+00,-3.701378540868663358e-02
-9.914729266157824572e-01,1.686370786624330931e+00,-8.734811790906352180e-02
-8.183618544845712162e-01,1.769599751695220435e+00,-1.372484312245251525e-01
-6.378087659827873512e-01,1.835745947140417167e+00,-1.864526025684913046e-01
-4.515990449671749563e-01,1.883526114678335750e+00,-2.342999465347378740e-01
-2.616473786737925078e-01,1.911472202636805617e+00,-2.798420329282410579e-01
-7.000799326474482775e-02,1.918065211004867043e+00,-3.220943595085162814e-01
1.211268153802571579e-01,1.901898268784747215e+00,-3.602948893022591692e-01
3.094422394765932172e-01,1.861856073807037992e+00,-3.940382604846864867e-01
4.925329035938317279e-01,1.797292233395772376e+00,-4.232309130049151102e-01
6.679524514540593483e-01,1.708181557111980942e+00,-4.479144869368570925e-01
8.332794134235328443e-01,1.595225707039387819e+00,-4.680699983671835485e-01
9.861943054513853113e-01,1.459898223393133909e+00,-4.835109952432975478e-01
1.124559751641022176e+00,1.304423852870609357e+00,-4.939127598190370394e-01
1.246494425811992768e+00,1.131692225831031129e+00,-4.989447392609057674e-01
1.350433137539036377e+00,9.451086509447800266e-01,-4.984138827929235349e-01
1.435168262479944445e+00,7.483924431527916310e-01,-4.923187918565768983e-01
1.499870401736143055e+00,5.453489365038456382e-01,-4.807736157491407925e-01
1.544088196532516832e+00,3.396554993679979373e-01,-4.638614359328957493e-01
1.567729184598879222e+00,1.346990238822359243e-01,-4.415467069001383082e-01
1.571025683285535823e+00,-6.652036861506276100e-02,-4.137456537378813026e-01
1.554491188908682320e+00,-2.614310583460978665e-01,-3.805317842351004787e-01
1.518872966901820831e+00,-4.478992489611767769e-01,-3.423371830872713462e-01
1.465105611046455980e+00,-6.242190739446621395e-01,-2.999980368097726613e-01
1.394269198305881918e+00,-7.890815531559366436e-01,-2.545951780996179581e-01
1.307554734528335372e+00,-9.415141026456580464e-01,-2.071738926358552002e-01
1.206238757201248735e+00,-1.080788573639069883e+00,-1.584947995426208289e-01
1.091667963664005647e+00,-1.206308030115132768e+00,-1.089370348096042884e-01
9.652535274742914950e-01,-1.317491889033459040e+00,-5.858473357083684996e-02
8.284735457594385455e-01,-1.413681086477574178e+00,-7.438328070482530530e-03
6.828810727180889550e-01,-1.494079993704884979e+00,4.435627524814375611e-02
5.301146127438820521e-01,-1.557743083639163695e+00,9.636349784183803613e-02
3.719078363437688939e-01,-1.603605654546032655e+00,1.478543012805556278e-01
2.100955835332676269e-01,-1.630552024881882334e+00,1.979304632518957552e-01
4.661374078016033984e-02,-1.637512049883929288e+00,2.457071452231030795e-01
-1.165089289995340227e-01,-1.623575885232695137e+00,2.904639273981598491e-01
-2.771685791144500310e-01,-1.588115489089643839e+00,3.317007954706906458e-01
-4.332149110180110174e-01,-1.530899075280905075e+00,3.690920539797087896e-01
-5.824910981567492652e-01,-1.452183598484550808e+00,4.023847052759020881e-01
-7.228839701900062753e-01,-1.352772665827087772e+00,4.313087682309298954e-01
-8.523813367357606641e-01,-1.234032968803257413e+00,4.555474569592189438e-01
-9.691313005058497243e-01,-1.097868541330399461e+00,4.747722573772062971e-01
-1.071497356560494163e+00,-9.466558264990255767e-01,4.887100456462815101e-01
-1.158103571594919723e+00,-7.831437705423330842e-01,4.971962989844581626e-01
-1.227865980323194828e+00,-6.103253211963616254e-01,5.001817618944198740e-01
-1.280008692343007626e+00,-4.312922950816028833e-01,4.976889946000636611e-01
-1.314065239117381489e+00,-2.490920972338221406e-01,4.897470564816569505e-01
-1.329867061796545125e+00,-6.660618214715101348e-02,4.763528033834160125e-01
-1.327521838718008107e+00,1.135366385949774931e-01,4.574995120121155834e-01
-1.307384775540807675e+00,2.890099428118658165e-01,4.332721883249160966e-01
-1.270026160004141369e+00,4.578081571069388400e-01,4.039556758669488046e-01
-1.216198479974745839e+00,6.182400849681338739e-01,3.700776528075903071e-01
-1.146806207147931689e+00,7.689002011901066025e-01,3.323394280906296627e-01
-1.062880865350162241e+00,9.086180387458319130e-01,2.914565072952467473e-01
-9.655631489538800682e-01,1.036388201193961356e+00,2.479907998967146587e-01
-8.560926933275594397e-01,1.151289260280375037e+00,2.022668840217488329e-01
-7.358048429931349776e-01,1.252405388323981184e+00,1.544206543496738637e-01
-6.061326786808429734e-01,1.338766621962712344e+00,1.045575611596188670e-01
-4.686118440817879094e-01,1.409320800792679185e+00,5.293901028360434302e-02
-3.248854277910997457e-01,1.462943541191266794e+00,9.985636235651518255e-05
-1.767062617978611971e-01,1.498484860254009510e+00,-5.316403924850834906e-02
-2.593436062685605670e-02,1.514845150550947706e+00,-1.059292982806187278e-01
1.254723340886905181e-01,1.511070415300691527e+00,-1.573249679513334665e-01
2.754753483773384470e-01,1.486456109001228709e+00,-2.066616676558911403e-01
4.219822706302374105e-01,1.440648750355258967e+00,-2.534477753762384156e-01
5.628829829296393417e-01,1.373733891812733310e+00,-2.973016776338158751e-01
6.960948278814165224e-01,1.286299011482949117e+00,-3.378312921495939536e-01
8.196143663305832661e-01,1.179461864276223571e+00,-3.745666329230107339e-01
9.315716975408441236e-01,1.054858888136157580e+00,-4.069909635363596623e-01
1.030282306026418349e+00,9.145930270924366168e-01,-4.346484908948485826e-01
1.114291540316044271e+00,7.611446342413666910e-01,-4.572549366783223990e-01
1.182407995257353184e+00,5.972533343477389733e-01,-4.747338597515496916e-01
1.233723697612301162e+00,4.257836872799119488e-01,-4.871482077027390334e-01
1.267620579464327379e+00,2.495919973413245896e-01,-4.945645822355945187e-01
1.283764113133605056e+00,7.141220290741208399e-02,-4.969350967469853275e-01
1.282086206071116230e+00,-1.062268004812986638e-01,-4.940772269372831760e-01
1.262760435592374497e+00,-2.810494409584871067e-01,-4.857743969788731464e-01
1.226173255167995357e+00,-4.510518519139347648e-01,-4.719421765921129053e-01
1.172894851595709387e+00,-6.144963757833520335e-01,-4.527568585363798137e-01
1.103652977099158328e+00,-7.698850427084115156e-01,-4.286590647955011990e-01
1.019312438753060324e+00,-9.159119310653444090e-01,-4.002180220315781911e-01
9.208620094194854833e-01,-1.051395662940575848e+00,-3.679277956188161669e-01
8.094093107934792197e-01,-1.175199110544641323e+00,-3.320529495363447881e-01
6.861828153667584029e-01,-1.286150384956017634e+00,-2.926201649588239251e-01
5.525387928335485643e-01,-1.382983031845758548e+00,-2.495744042417672726e-01
4.099701265021227226e-01,-1.464311248215084627e+00,-2.030236917579745504e-01
2.601136874585634473e-01,-1.528648068244019997e+00,-1.534373208723326665e-01
1.047533912233051812e-01,-1.574464215260988675e+00,-1.016768504820692309e-01
-5.418307464207061663e-02,-1.600277436926958119e+00,-4.882821929086592072e-02
-2.146349930796274119e-01,-1.604759581403541135e+00,4.080199176338478173e-03
-3.744274869989838717e-01,-1.586850353730241858e+00,5.631699594878622483e-02
-5.312991864570475453e-01,-1.545868695778939150e+00,1.075109974441897653e-01
-6.829395380753624512e-01,-1.481612229208442821e+00,1.575118098122441912e-01
-8.270362531039150422e-01,-1.394433251762247972e+00,2.061437643604147885e-01
-9.613319604562724496e-01,-1.285280002517069642e+00,2.530083461060240735e-01
-1.083686756524220085e+00,-1.155696317726581990e+00,2.974492298472551921e-01
-1.192141033138087503e+00,-1.007779263201119102e+00,3.386845584727450342e-01
-1.284972014955512387e+00,-8.440987336064723623e-01,3.760090693752670132e-01
-1.360738418374803027e+00,-6.675840205250339610e-01,4.089395605727855765e-01
-1.418309897960229771e+00,-4.813832837910771434e-01,4.372291721886892857e-01
-1.456880202582845785e+00,-2.887066069921415123e-01,4.607622240766130473e-01
-1.475964479224412651e+00,-9.267060329120206663e-02,4.794068403979662163e-01
-1.475382164782520933e+00,1.038339813646816517e-01,4.929213789887637587e-01
-1.455227977636658787e+00,2.982350900708590768e-01,5.009812602199968934e-01
-1.415834813801361891e+00,4.883264265098821721e-01,5.033236008170501874e-01
-1.357733504970248584e+00,6.722710530528156481e-01,4.999252062122491180e-01
-1.281614969659649939e+00,8.485658492241298090e-01,4.910858432479398017e-01
-1.188300054362604330e+00,1.015969275883252143e+00,4.773259648788109599e-01
-1.078721250927532127e+00,1.173395101810821961e+00,4.591179733880136338e-01
-9.539185156444018876e-01,1.319780879396330375e+00,4.365905856432615861e-01
-8.150488104588362592e-01,1.453950679888053044e+00,4.094008887784593709e-01
-6.634062317713571577e-01,1.574501277962431223e+00,3.769125415805544277e-01
-5.004474277078936328e-01,1.679742442037104988e+00,3.386592423629534165e-01
-3.278161407529556204e-01,1.767710538192415415e+00,2.948786031888229742e-01
-1.473614110857395243e-01,1.836252705209343139e+00,2.467900670428403165e-01
3.885419717589555511e-02,1.883157587224907337e+00,1.963707105627062466e-01
2.285579640203374563e-01,1.906301826438727032e+00,1.456594881262212871e-01
4.192823175585058681e-01,1.903793768674526765e+00,9.594072890514024343e-02
6.083923838444051935e-01,1.874115967708458674e+00,4.729185425587342784e-02
7.931270543107251658e-01,1.816277173435780545e+00,-1.199382925343744910e-03
9.706556560849650683e-01,1.729972574729017998e+00,-5.064492382567845064e-02
1.138151358759749154e+00,1.615726789406572328e+00,-1.014584604223297826e-01
1.292878851127042816e+00,1.474977860338876345e+00,-1.529016343358808039e-01
1.432288636896234868e+00,1.310067161953103243e+00,-2.033572887721898648e-01
1.554106380461319326e+00,1.124126676749355402e+00,-2.511388876626280409e-01
1.656405734758691128e+00,9.208844216457608978e-01,-2.952812629193540817e-01
1.737657142435183655e+00,7.044249869207613868e-01,-3.357843980903868486e-01
1.796750622432515154e+00,4.789422180243486094e-01,-3.731928364602633552e-01
1.832994567455081825e+00,2.485123148779331825e-01,-4.078522122771249814e-01
1.846094127593135070e+00,1.690526305002022778e-02,-4.393416095048198189e-01
1.836112875948173517e+00,-2.125568878722161048e-01,-4.664002589493608797e-01
1.803421507774860988e+00,-4.370936981748842487e-01,-4.873635247603022025e-01
1.748637948545078924e+00,-6.545135029573520002e-01,-5.008811024736604667e-01
1.672564442656050421e+00,-8.632122835370897862e-01,-5.065688330705288012e-01
1.576128618759817579e+00,-1.062116325025211916e+00,-5.052604916108666133e-01
1.460336463227099202e+00,-1.250558772976067212e+00,-4.986855875737080668e-01
1.326244652602692309e+00,-1.428087775279617277e+00,-4.886598842806623155e-01
1.174957212209977619e+00,-1.594221236602080483e+00,-4.761320131925660393e-01
1.007647174268029966e+00,-1.748185980326804279e+00,-4.605656403282668565e-01
8.255987964030760962e-01,-1.888699107147708611e+00,-4.400668120919039028e-01
6.302615290049695673e-01,-2.013853933540148411e+00,-4.123571807321769755e-01
4.233049077097339463e-01,-2.121149340197270305e+00,-3.762145161971918172e-01
2.066646438170545164e-01,-2.207650387770236478e+00,-3.325884421971753158e-01
-1.742645010524213056e-02,-2.270215596205393815e+00,-2.845930197775078385e-01
-2.464253632988160359e-01,-2.305712229909498312e+00,-2.361503276963833609e-01
-4.774839864351803076e-01,-2.311184056866666836e+00,-1.899468816472779376e-01
-7.074727341299029693e-01,-2.284007896838474494e+00,-1.459598440215660597e-01
-9.330251348537184075e-01,-2.222115259604610316e+00,-1.016091675166254371e-01
-1.150608779321271813e+00,-2.124320076941577540e+00,-5.361473133819064096e-02
-1.356629027377463936e+00,-1.990698926787471956e+00,-4.681228897897293795e-04
-1.547567515243450709e+00,-1.822886510112985414e+00,5.613978424546925416e-02
-1.720145864723772400e+00,-1.624145601273031980e+00,1.120574577213301060e-01
-1.871489407442279651e+00,-1.399155367176531550e+00,1.632212267562732355e-01
-1.999256762286464761e+00,-1.153575303704491128e+00,2.081984581216670127e-01
-2.101709389858099186e+00,-8.935113838402647390e-01,2.487856107344822154e-01
-2.177718071242980891e+00,-6.250088706536961469e-01,2.883011930073803297e-01
-2.226723660255383486e+00,-3.536471076175208839e-01,3.290543501863493203e-01
-2.248673770204880462e+00,-8.425897117703422257e-02,3.707880754669713452e-01
-2.243948237915695643e+00,1.792300261954141161e-01,4.107555850893288563e-01
-2.213276846709352874e+00,4.338551683933607461e-01,4.449587219869596266e-01
-2.157650454753248681e+00,6.775785755980033853e-01,4.697723803987327029e-01
-2.078229650300534637e+00,9.091988458480563251e-01,4.833523269042484527e-01
-1.976258564269980811e+00,1.128231445561533652e+00,4.863894105382894351e-01
-1.852993118809922679e+00,1.334763466846487168e+00,4.819158461639528879e-01
-1.709652605782178592e+00,1.529262295697154661e+00,4.741489767316363624e-01
-1.547401315936903332e+00,1.712314355955878886e+00,4.667407431769799997e-01
-1.367363209682683101e+00,1.884293100228928486e+00,4.611036506115294697e-01
-1.170667739320565781e+00,2.044997083379185732e+00,4.555694262818360540e-01
-9.585196803802766841e-01,2.193342848918627297e+00,4.459456420259425569e-01
-7.322818017143533087e-01,2.327216162596055682e+00,4.275166599410152868e-01
-4.935584689372520817e-01,2.443547613199185342e+00,3.977256411509227929e-01
-2.442712190673861361e-01,2.538581498905783995e+00,3.580478075957341799e-01
1.327882626462151272e-02,2.608206037079470185e+00,3.136124410896731218e-01
2.763655598835745852e-01,2.648197615883998601e+00,2.703278143598016880e-01
5.418150911794430424e-01,2.654341332967691258e+00,2.310154830798046566e-01
8.060140705219420720e-01,2.622555970764116395e+00,1.930936423180281414e-01
1.064959981998203409e+00,2.549234079157935540e+00,1.497418761434186896e-01
1.314363929478594484e+00,2.431905661068565649e+00,9.438511088021681039e-02
1.549811406197697528e+00,2.270087266172287954e+00,2.594639442651822114e-02
1.766977009596250481e+00,2.065965757623557053e+00,-4.876941005226700931e-02
1.961876054723666440e+00,1.824561001904141611e+00,-1.179220661153454197e-01
2.131118314599206087e+00,1.553226662719044304e+00,-1.716203491682054827e-01
2.272111032555538479e+00,1.260641171527559612e+00,-2.082521788131660723e-01
2.383158468451084033e+00,9.556484322299584333e-01,-2.350063808312984615e-01
2.463437771338987226e+00,6.463252084856295765e-01,-2.622220858170624114e-01
2.512879162383195641e+00,3.394649809261539031e-01,-2.966199968649735341e-01
2.532006641657670531e+00,4.041418366043621202e-02,-3.383423632203675924e-01
2.521786488900533918e+00,-2.469143022082002648e-01,-3.822995391759650419e-01
2.483500148723194023e+00,-5.199562376876550873e-01,-4.213662772696383785e-01
2.418634130013937344e+00,-7.773529948967735637e-01,-4.493300747312477528e-01
2.328776328732181877e+00,-1.018755051466559758e+00,-4.628921461413827432e-01
2.215518462661003607e+00,-1.244604325314382587e+00,-4.626216398365957660e-01
2.080374182305343211e+00,-1.455920170454346740e+00,-4.527320013853329828e-01
1.924725080652438747e+00,-1.654075782799019345e+00,-4.396379611895301354e-01
1.749803368308534335e+00,-1.840526444001161943e+00,-4.296300627657291260e-01
1.558492527758931878e+00,-1.984431001612872558e+00,3.864920555912018663e-02
1.353651129750348847e+00,-2.106614869628268494e+00,1.188147604203092234e-01
1.137476481365913727e+00,-2.210352111806743736e+00,1.535985134608733593e-01
9.118296292501477662e-01,-2.296198325474932744e+00,1.953883183837231419e-01
6.785643827215035451e-01,-2.363154294897347185e+00,2.431627341669323206e-01
4.396787106356592201e-01,-2.409298404173420671e+00,2.911189836126081287e-01
1.973855348010371547e-01,-2.432165211500427304e+00,3.355146159319798427e-01
-4.585653510876119832e-02,-2.429050238301245557e+00,3.744703613064100933e-01
-2.873381396957490619e-01,-2.397337055615878398e+00,4.074020190987920342e-01
-5.241189699956942949e-01,-2.334867044560988703e+00,4.346347526334238820e-01
-7.530778447307377998e-01,-2.240310671337855553e+00,4.569406119670159638e-01
-9.709982043761751225e-01,-2.113471595314132756e+00,4.749641349997187900e-01
-1.174688264375107538e+00,-1.955469865150023745e+00,4.887433366758767717e-01
-1.361125770791512535e+00,-1.768789912782035012e+00,4.975802361435864851e-01
-1.527608028635002002e+00,-1.557207404655402749e+00,5.003651373905552147e-01
-1.671883119440734200e+00,-1.325601263149648767e+00,4.962079637405264476e-01
-1.792241685824307540e+00,-1.079631370007616775e+00,4.850231336294069662e-01
-1.887559120714842331e+00,-8.252751468639286658e-01,4.676929481766290975e-01
-1.957289209999177659e+00,-5.682925532532846491e-01,4.456648448759591430e-01
-2.001417549992186018e+00,-3.137640432464136597e-01,4.202098091724292273e-01
-2.020386938601492766e+00,-6.582882564722163099e-02,3.918120843828160060e-01
-2.015008763240352607e+00,1.723549117680923115e-01,3.600736417370126174e-01
-1.986373251405747498e+00,3.985053034652653037e-01,3.241649936967644363e-01
-1.935767296881953259e+00,6.110670017579183932e-01,2.835052978793964895e-01
-1.864604109001744670e+00,8.090736276414619566e-01,2.382534622718094075e-01
-1.774366537995767823e+00,9.920283189399458079e-01,1.893686176264520460e-01
-1.666565389414576659e+00,1.159783234979229638e+00,1.382800489345566708e-01
-1.542713776226086297e+00,1.312402295885619408e+00,8.639656858317831811e-02
-1.404317646008529374e+00,1.450007674731238927e+00,3.470910832536841517e-02
-1.252881214229005780e+00,1.572625337915531274e+00,-1.635628030367289321e-02
-1.089924640568061820e+00,1.680051894969186721e+00,-6.681275063789118840e-02
-9.170101972572186622e-01,1.771763661023649794e+00,-1.168055587686655239e-01
-7.357724823114406565e-01,1.846881310185575220e+00,-1.662775476062254010e-01
-5.479480256518318715e-01,1.904193422990741125e+00,-2.147614893324149288e-01
-3.554000252572635521e-01,1.942233866141967580e+00,-2.613910892253318297e-01
-1.601347809873174821e-01,1.959404020980858752e+00,-3.051163915388147574e-01
3.569284151031282271e-02,1.954130334578542572e+00,-3.450060490983278827e-01
2.297873647986559131e-01,1.925046369754139119e+00,-3.804765843567771144e-01
4.197366952043839472e-01,1.871183558103799660e+00,-4.113368913684297690e-01
6.030544241133719563e-01,1.792148297747676144e+00,-4.376460256901425483e-01
7.772407541047632318e-01,1.688260613755827810e+00,-4.594839944465524129e-01
9.398587151736161882e-01,1.560634805714188778e+00,-4.767701939182035220e-01
1.088618277800355028e+00,1.411192329616477670e+00,-4.892225070915517948e-01
1.221458544831964144e+00,1.242604797521446036e+00,-4.964643236027664885e-01
1.336618652509771632e+00,1.058167865376391736e+00,-4.982019227237844960e-01
1.432690730205316898e+00,8.616110976146095224e-01,-4.943513078145410633e-01
1.508651452898175149e+00,6.568626355764716207e-01,-4.850226245683454396e-01
1.563871180397896854e+00,4.478070308390370013e-01,-4.703711863130780602e-01
1.598101723824846054e+00,2.380827452551733114e-01,-4.504362685468993321e-01
1.611446073812433877e+00,3.094964630825620955e-02,-4.251167496430926507e-01
1.604315540746425794e+00,-1.707745183240715892e-01,-3.943351223646774928e-01
1.577380601324022358e+00,-3.647320493427452237e-01,-3.582890819332266163e-01
1.531521049695396375e+00,-5.490199607987201746e-01,-3.176099584310893009e-01
1.467779672529977653e+00,-7.221670561580940673e-01,-2.733057897598644148e-01
1.387322502677045266e+00,-8.830854801697861634e-01,-2.265119123087135089e-01
1.291407890651215640e+00,-1.030989232628115149e+00,-1.781895991976415738e-01
1.181365801094802936e+00,-1.165283561632876941e+00,-1.289296278530872863e-01
1.058587641065985574e+00,-1.285441707921575416e+00,-7.894448939176360036e-02
9.245256467327745975e-01,-1.390891650326107731e+00,-2.823186249061851449e-02
7.806996647492718822e-01,-1.480933555209173358e+00,2.318229979704508614e-02
6.287083108874467197e-01,-1.554700933642243266e+00,7.503595215158295750e-02
4.702411097845362598e-01,-1.611168984453625663e+00,1.267459706539665054e-01
3.070883300019671136e-01,-1.649205858726478846e+00,1.774717842597393902e-01
1.411456978788871996e-01,-1.667658444215969427e+00,2.262844865398843941e-01
-2.558825384842822181e-02,-1.665462969433650686e+00,2.723535569273946022e-01
-1.910240103893297015e-01,-1.641769817429262313e+00,3.150642744288728592e-01
-3.530035860712616991e-01,-1.596069745988357491e+00,3.540237641877251873e-01
-5.093347684919369289e-01,-1.528306211036721374e+00,3.889759461304248545e-01
-6.578370523689078819e-01,-1.438958507952422972e+00,4.196895547720796982e-01
-7.963973207141898936e-01,-1.329084680737269375e+00,4.458860723488794475e-01
-9.230310071462117794e-01,-1.200319988910854230e+00,4.672397831196190010e-01
-1.035942628379763919e+00,-1.054832374572397535e+00,4.834357607091231968e-01
-1.133579132574787041e+00,-8.952386666154305006e-01,4.942414160687275126e-01
-1.214670756830812381e+00,-7.244862601496092624e-01,4.995458937856182002e-01
-1.278256439485222495e+00,-5.457088638106296630e-01,4.993439905041680005e-01
-1.323693280870420930e+00,-3.620722954385266479e-01,4.936748921365489151e-01
-1.350651383847242260e+00,-1.766319678945721949e-01,4.825574108258859907e-01
-1.359096520894366167e+00,7.778705541804445400e-03,4.659752302548935132e-01
-1.349263678829667024e+00,1.886202929298937403e-01,4.439416229858988983e-01
-1.321624822827065282e+00,3.636825065942391189e-01,4.166180319795625975e-01
-1.276854305785301458e+00,5.310903512050390018e-01,3.844110034922988417e-01
-1.215795268787510652e+00,6.892867150005111965e-01,3.479702511918486563e-01
-1.139430079147730313e+00,8.369924605853656940e-01,3.080664450988120917e-01
-1.048857212646532533e+00,9.731443060420160718e-01,2.654038773584542765e-01
-9.452759612523540245e-01,1.096815104287436560e+00,2.204676011273559444e-01
-8.299790739731778277e-01,1.207127715982148741e+00,1.734890431610079664e-01
-7.043521806462369472e-01,1.303178379286440203e+00,1.245507023057637885e-01
-5.698778585541741659e-01,1.383985529839428130e+00,7.377698378312910754e-02
-4.281416261494987996e-01,1.448475138519733418e+00,2.151325143291668573e-02
-2.808370118295540063e-01,1.495505833311870036e+00,-3.159871510924464055e-02
-1.297670698120778621e-01,1.523929513838260918e+00,-8.468594218245431571e-02
2.315985857148805671e-02,1.532678350753959640e+00,-1.368118022915513488e-01
1.759418906672569616e-01,1.520867362434783265e+00,-1.871533449591008813e-01
3.265042177505967924e-01,1.487901594843964892e+00,-2.350956643998440010e-01
4.727294931194025995e-01,1.433576596745431919e+00,-2.802050176242750767e-01
6.124980701406694816e-01,1.358160329301110414e+00,-3.221173385680621282e-01
7.437367632835958364e-01,1.262445317089342600e+00,-3.604269439905475325e-01
8.644730115160996764e-01,1.147762820004704087e+00,-3.946527105578364614e-01
9.728897734691677179e-01,1.015955435153601760e+00,-4.243031182787283528e-01
1.067375887523332567e+00,8.693092158890570742e-01,-4.489942706647457316e-01
1.146567251716572144e+00,7.104505419576233605e-01,-4.685388414313972349e-01
1.209375655111508685e+00,5.422175430017331932e-01,-4.829411233607575626e-01
1.255003792742973801e+00,3.675212136560100373e-01,-4.922933231460585590e-01
1.282946531203146945e+00,1.892150267051489476e-01,-4.966342559792639166e-01
1.292979827285785532e+00,9.990070171186207770e-03,-4.958620609003975277e-01
1.285139859258217054e+00,-1.676952372808974689e-01,-4.897651528229732820e-01
1.259695766210056078e+00,-3.416515863808308739e-01,-4.781629650686812782e-01
1.217119733362265421e+00,-5.099676580718491836e-01,-4.610742728722289074e-01
1.158058018295962555e+00,-6.709968257684303383e-01,-4.388054795921380036e-01
1.083306028988004321e+00,-8.233230107025076849e-01,-4.118943251299543862e-01
9.937898253084256339e-01,-9.657052259465040978e-01,-3.809309197613731657e-01
8.905553987992063103e-01,-1.097003641064591806e+00,-3.463544436408386717e-01
7.747657975067914204e-01,-1.216096929647179303e+00,-3.083443069963439642e-01
6.477047688182594465e-01,-1.321807076225014699e+00,-2.668769789723316466e-01
5.107844012329658678e-01,-1.412849675432926277e+00,-2.219290868886193702e-01
3.655535690669826643e-01,-1.487823303308966283e+00,-1.737214755171453684e-01
2.137039854679694262e-01,-1.545242290257227369e+00,-1.228662718063066317e-01
5.707126807679485658e-02,-1.583607347114349695e+00,-7.032445935285128180e-02
-1.023706962705184242e-01,-1.601502380071376352e+00,-1.718657015535032806e-02
-2.625230589935678704e-01,-1.597705005542432888e+00,3.560576220780373169e-02
-4.211836666241397520e-01,-1.571300360230415416e+00,8.744188423063800619e-02
-5.760778537342601258e-01,-1.521788959943260133e+00,1.380301713543613251e-01
-7.248991848845276476e-01,-1.449178171187116115e+00,1.872129410205996825e-01
-8.653602169881831063e-01,-1.354045614925708074e+00,2.347319439898239712e-01
-9.952515046836232226e-01,-1.237564793021327825e+00,2.800894849275817888e-01
-1.112504595475135138e+00,-1.101488766053938528e+00,3.225798188105341024e-01
-1.215252857456996294e+00,-9.480935284199017987e-01,3.614543489211524685e-01
-1.301883760368308218e+00,-7.800854953382857504e-01,3.961075474731597934e-01
-1.371077800619122877e+00,-6.004779756915487043e-01,4.261733751308253160e-01
-1.421831641101927390e+00,-4.124438630284982810e-01,4.514897675342223193e-01
-1.453465065665844103e+00,-2.191581866488567232e-01,4.719691816940024820e-01
-1.465612650423733898e+00,-2.365073958060663617e-02,4.874623658210549548e-01
-1.458202049424340396e+00,1.713108222238320377e-01,4.977046288460752477e-01
-1.431421925211238788e+00,3.632949921725979192e-01,5.023893671286953078e-01
-1.385683760284931454e+00,5.502357036471819951e-01,5.013355808869118801e-01
-1.321582665186536554e+00,7.304210822385533985e-01,4.946427886688934406e-01
-1.239862527551778948e+00,9.024455700640724443e-01,4.827113828912626969e-01
-1.141390286266051435e+00,1.065127337683683839e+00,4.660748465994498657e-01
-1.027142726174795628e+00,1.217394952681970954e+00,4.451104101950730252e-01
-8.982070372456709695e-01,1.358155284841086496e+00,4.197944567938546312e-01
-7.557937604949229726e-01,1.486165409853920094e+00,3.896821217992280095e-01
-6.012582313729979422e-01,1.599938405330242785e+00,3.541930428278331489e-01
-4.361249635569859340e-01,1.697709972196309591e+00,3.131092449889177898e-01
-2.621091446798013980e-01,1.777477469161871992e+00,2.670240992347058251e-01
-8.113054577156231240e-02,1.837100825675607618e+00,2.174392752423298381e-01
1.046829486681353227e-01,1.874438407243796734e+00,1.663627779751476188e-01
2.930032438725269639e-01,1.887491108019587527e+00,1.155608225375698017e-01
4.813216319357971340e-01,1.874543490504562149e+00,6.587192647174852644e-02
6.669807329248349514e-01,1.834307157384189813e+00,1.700633728676845258e-02
8.472204254070259122e-01,1.766072781358987376e+00,-3.201597477047193885e-02
1.019239647390523862e+00,1.669860557481591234e+00,-8.202968479518904510e-02
1.180274004841549429e+00,1.546537839808065362e+00,-1.329933991533859550e-01
1.327684831956535305e+00,1.397865741512170024e+00,-1.838155200857915228e-01
1.459050540399542628e+00,1.226450980537588498e+00,-2.328384600117249514e-01
1.572248686349899227e+00,1.035606127873698545e+00,-2.786478986656578671e-01
1.665518879452940748e+00,8.291440684538534667e-01,-3.206568776465036352e-01
1.737501369588753786e+00,6.111412554461387314e-01,-3.590917295156553779e-01
1.787250962374367091e+00,3.857015813019318284e-01,-3.944427348991413895e-01
1.814228717653145306e+00,1.567453592336123802e-01,-4.267857019555992837e-01
1.818274747606563935e+00,-7.216056133369457004e-02,-4.554031751042632026e-01
1.799565634092579636e+00,-2.979245694312686044e-01,-4.789058718502349210e-01
1.758560468093954388e+00,-5.180042110121193533e-01,-4.957781259932164675e-01
1.695940467953032993e+00,-7.304338837708500565e-01,-5.050733119048348430e-01
1.612548385466111123e+00,-9.338029530645092224e-01,-5.069105612348155931e-01
1.509335060125355010e+00,-1.127175192890460531e+00,-5.024953956838987823e-01
1.387320802012719234e+00,-1.309941612625922014e+00,-4.935939483105801218e-01
1.247577981068061836e+00,-1.481610416766997895e+00,-4.816570033396959660e-01
1.091237979222905219e+00,-1.641557938535962657e+00,-4.669997946439866654e-01
9.195210242396786304e-01,-1.788786608745109641e+00,-4.484935704182976268e-01
7.337825897302608924e-01,-1.921750356740032695e+00,-4.240546347390622417e-01
5.355666299610910563e-01,-2.038301334815919574e+00,-3.918329166537165564e-01
3.266552438546996839e-01,-2.135776515988020208e+00,-3.515400178258093478e-01
1.091065373443245168e-01,-2.211189434528654019e+00,-3.051030886020998922e-01
-1.147238866233271093e-01,-2.261454210483184291e+00,-2.560717072826835805e-01
-3.421791574331594088e-01,-2.283578988528263132e+00,-2.079319543902517220e-01
-5.703150355788635384e-01,-2.274823098961338275e+00,-1.622666525834236817e-01
-7.959323608542379080e-01,-2.232872678214397055e+00,-1.179584016633203059e-01
-1.015631621146811492e+00,-2.156097959569430955e+00,-7.208160441378655414e-02
-1.225895657725801557e+00,-2.043893794503720329e+00,-2.205017619048024735e-02
-1.423205490861749967e+00,-1.897014161818960654e+00,3.233143039292482590e-02
-1.604186792496334890e+00,-1.717763064780433391e+00,8.835703374541989397e-02
-1.765770923717131735e+00,-1.509940874185117687e+00,1.419422056687505707e-01
-1.905341358819537811e+00,-1.278542900946929572e+00,1.901881640320038647e-01
-2.020834906138687437e+00,-1.029297885645919175e+00,2.330828824819473899e-01
-2.110782416697078112e+00,-7.681667581184524751e-01,2.730676300534423673e-01
-2.174295807650383772e+00,-5.008967778915885960e-01,3.129518238732015289e-01
-2.211020867799230238e+00,-2.326782848238179713e-01,3.538401145197792586e-01
-2.221072679786563420e+00,3.208491542310716593e-02,3.943445920309710528e-01
-2.204961006811823054e+00,2.898952429689918842e-01,4.311884140550102940e-01
-2.163507317967337862e+00,5.381825364122380106e-01,4.605893307086103006e-01
-2.097755969184175839e+00,7.752505316819532366e-01,4.797612360947692833e-01
-2.008885636178195710e+00,1.000178798872111363e+00,4.880268060826392640e-01
-1.898129720877047122e+00,1.212696911814374223e+00,4.871544700499538250e-01
-1.766715068149578238e+00,1.413022436040563212e+00,4.807293301730578561e-01
-1.615827080527619808e+00,1.601639560529217965e+00,4.727117257091134617e-01
-1.446606391718216367e+00,1.779004755701958151e+00,4.656999246071603649e-01
-1.260177921372007015e+00,1.945198230079618673e+00,4.596209034059296483e-01
-1.057707926099488605e+00,2.099583589605281908e+00,4.515327114733932445e-01
-8.404797316153083120e-01,2.240572096134815894e+00,4.368827552465529562e-01
-6.099761520493196532e-01,2.365581861704107780e+00,4.119017470737799114e-01
-3.679577331102212856e-01,2.471214755455720891e+00,3.759995932783181116e-01
-1.165297732075238901e-01,2.553568333766380594e+00,3.326184639997674664e-01
1.418059151705166610e-01,2.608533717709901278e+00,2.876008875457366498e-01
4.041185732061907121e-01,2.631975601551793886e+00,2.456779463729129309e-01
6.670417483509856194e-01,2.619835825218681080e+00,2.071774704295544500e-01
9.268013811874820096e-01,2.568337921407207070e+00,1.673113910626156942e-01
1.179289468019160347e+00,2.474467244413988354e+00,1.190181489953542060e-01
1.420192026517431261e+00,2.336722637167053307e+00,5.801034115795541957e-02
1.645172949879657898e+00,2.155893460476955070e+00,-1.315192289937275327e-02
1.850103885681853688e+00,1.935498094200942765e+00,-8.511119305784223266e-02
2.031314907758146049e+00,1.681627113657634842e+00,-1.466836348862915751e-01
2.185822468268323604e+00,1.402195313690096645e+00,-1.918349967945022494e-01
2.311481087247380550e+00,1.105860768792241933e+00,-2.233953871268898050e-01
2.407021299692257976e+00,8.009839815148377395e-01,-2.504022482421720541e-01
2.471977838767297708e+00,4.949157467024905555e-01,-2.815581832134671503e-01
2.506551160788321297e+00,1.936733165238189724e-01,-3.202247673105605985e-01
2.511454754538249290e+00,-9.812659994250709505e-02,-3.637379807451327496e-01
2.487779743705905489e+00,-3.772240114755584517e-01,-4.058239578006609394e-01
2.436880080139550486e+00,-6.416139839263675926e-01,-4.397040830877304574e-01
2.360268148540202393e+00,-8.903882403751312014e-01,-4.605498223865583940e-01
2.259514964203475973e+00,-1.123536993623149849e+00,-4.669651162123688026e-01
2.136159938777892897e+00,-1.341740934940349073e+00,-4.613784756307853785e-01
1.991641713463824237e+00,-1.546158902108962119e+00,-4.492175424566343667e-01
1.827261112890179895e+00,-1.738183752335173304e+00,-4.369942955532454265e-01
1.644182424074283055e+00,-1.919132091254380557e+00,-4.298440090123679669e-01
1.443473158515393706e+00,-2.089861565908460506e+00,-4.293642169159684885e-01
1.226176919062678339e+00,-2.250362731610958456e+00,-4.326642463770201674e-01
9.934095189345837351e-01,-2.399429192783073539e+00,-4.333005356252900286e-01
7.464659144955918535e-01,-2.534531475085138652e+00,-4.241188759108470707e-01
4.869260515596393057e-01,-2.651965499168500884e+00,-4.009574216562060700e-01
2.167509081443075303e-01,-2.747217957764584995e+00,-3.651952982452587593e-01
-6.163723933018094847e-02,-2.815369088311958201e+00,-3.232000816109820152e-01
-3.452965786306301244e-01,-2.851352080914240084e+00,-2.823346356783861255e-01
-6.307385096153261816e-01,-2.850049108534274289e+00,-2.455985070658047997e-01
-9.139428535036666634e-01,-2.806429522214058281e+00,-2.085214368464935186e-01
-1.190426387549072595e+00,-2.716029740435674356e+00,-1.611502251802693630e-01
-1.455371078884762470e+00,-2.575893174049989298e+00,-9.485971256385031247e-02
-1.703815522943282312e+00,-2.385716121030712955e+00,-1.002239860385603643e-02
-1.930916177373132703e+00,-2.148679337556115954e+00,8.114801980199612408e-02
-2.132276601329531118e+00,-1.871519773949719800e+00,1.601210733713810119e-01
-2.303521978243786350e+00,-1.544032689765339805e+00,4.669556148048411570e-01
-2.440917323082404167e+00,-1.198810006895757008e+00,4.736784448933047953e-01
-2.543410989711891723e+00,-8.499777154401205737e-01,4.479938345594643989e-01
-2.611300793470831216e+00,-5.088977804458015841e-01,4.217021304132754222e-01
-2.645807822977473300e+00,-1.835600373831118293e-01,3.952303915108313914e-01
-2.648752642557366421e+00,1.213523742370855169e-01,3.679701470544881614e-01
-2.622288061721170571e+00,4.038020040948263056e-01,3.389833058357635265e-01
-2.568697181648390782e+00,6.635179809400656437e-01,3.062124353160368129e-01
-2.490256247573037207e+00,9.012184617941602083e-01,2.673486017867031661e-01
-2.389148562647283036e+00,1.118078419966538339e+00,2.212497449210627243e-01
-2.267415601489708443e+00,1.315433449031509161e+00,1.687054312490897379e-01
-2.126937253292365604e+00,1.494630370561269350e+00,1.121314414174417740e-01
-1.969436844585951585e+00,1.656928873583788819e+00,5.452590704174550829e-02
-1.796506929337072345e+00,1.803395031527909032e+00,-1.670839993342415619e-03
-1.609650892287487034e+00,1.934772870939809541e+00,-5.528060976817986139e-02
-1.410334895191308613e+00,2.051352911574104709e+00,-1.064303721001113312e-01
-1.200044795488648619e+00,2.152869572842314838e+00,-1.560139605462655121e-01
-9.803429162834935706e-01,2.238453968825183882e+00,-2.048666717545916394e-01
-7.529199520024498771e-01,2.306652153359754820e+00,-2.530441433576388066e-01
-5.196383890702478414e-01,2.355503278382514054e+00,-2.995517367883638871e-01
-2.825656108317515791e-01,2.382668454062470076e+00,-3.426626204953829857e-01
-4.399605318655441799e-02,2.385609825296178599e+00,-3.806516629157253861e-01
1.935393456527669809e-01,2.361827157824786028e+00,-4.125296421035350436e-01
4.272817517832223633e-01,2.309150456522527151e+00,-4.383618590978325402e-01
6.542799214926062756e-01,2.226061388333992141e+00,-4.590108542588168250e-01
8.714606986921829002e-01,2.111991882293589029e+00,-4.754813670255738645e-01
1.075735597745861361e+00,1.967545584095757638e+00,-4.882524341802262358e-01
1.264133446536875871e+00,1.794608429947167627e+00,-4.969616019697201681e-01
1.433940016347972746e+00,1.596338113232867562e+00,-5.006077547103063852e-01
1.582823874899894623e+00,1.377027025140945105e+00,-4.981628471404572212e-01
1.708933178955140963e+00,1.141825267460242932e+00,-4.892312824324253073e-01
1.810955305809790028e+00,8.963259980841956631e-01,-4.743155200645158276e-01
1.888135516222253951e+00,6.460757903155086579e-01,-4.544805447581384827e-01
1.940253861677017744e+00,3.961344110683187592e-01,-4.306622247017887206e-01
1.967565614753380432e+00,1.507983746243704570e-01,-4.031482856643623380e-01
1.970718497809611502e+00,-8.648542149315134597e-02,-3.715956482467080990e-01
1.950663544538060679e+00,-3.130782260203536782e-01,-3.355047406538079757e-01
1.908572577194470377e+00,-5.270627669547814920e-01,-2.947597578494242088e-01
1.845768114346425293e+00,-7.271544308125542644e-01,-2.498792374089663648e-01
1.763666645669663025e+00,-9.126075985568694593e-01,-2.018885188745517534e-01
1.663735160440152905e+00,-1.083098679657938712e+00,-1.519695825236243858e-01
1.547461521748733748e+00,-1.238579016569345770e+00,-1.011154514227829149e-01
1.416339445073361070e+00,-1.379109377185540497e+00,-4.994460440611195318e-02
1.271867813702501682e+00,-1.504698625566766035e+00,1.281893339625778117e-03
1.115562444164683864e+00,-1.615169647403151609e+00,5.248625663900949312e-02
9.489769763721798146e-01,-1.710069131568513479e+00,1.035383739746674470e-01
7.737287005801680717e-01,-1.788628626550487377e+00,1.540661674846316165e-01
5.915249239844873053e-01,-1.849776127637593470e+00,2.033928586295797591e-01
4.041858632913382099e-01,-1.892193157491456335e+00,2.506240478653677384e-01
2.136608113074582871e-01,-1.914412340880076835e+00,2.948394127859071956e-01
2.203505360375879185e-02,-1.914951762744758534e+00,3.352961998056781523e-01
-1.684746860166692617e-01,-1.892480165385693747e+00,3.715494322838662766e-01
-3.555385967324571350e-01,-1.845999287354050944e+00,4.034397238837311717e-01
-5.367481858603897482e-01,-1.775020093389535925e+00,4.309687129788341009e-01
-7.096679322246866040e-01,-1.679705472028953261e+00,4.541354406634451335e-01
-8.719028502741792419e-01,-1.560957610580610444e+00,4.728169317268492433e-01
-1.021176989870489438e+00,-1.420440765408607087e+00,4.867431055813068452e-01
-1.155414441592333530e+00,-1.260541091398662994e+00,4.955640704499683080e-01
-1.272812833643413244e+00,-1.084268426983977074e+00,4.989654446972434654e-01
-1.371900595522716815e+00,-8.951036207601302808e-01,4.967695541211679666e-01
-1.451572850715945551e+00,-6.967992861781661107e-01,4.889683648169506069e-01
-1.511104898256834028e+00,-4.931564879384515154e-01,4.756680246105514653e-01
-1.550145305007013308e+00,-2.878148424062720312e-01,4.569811242709062027e-01
-1.568692307017949483e+00,-8.409260692585200647e-02,4.329522060675640160e-01
-1.567057933547215898e+00,1.151070172662683327e-01,4.035959733189952159e-01
-1.545824418501054121e+00,3.073320230676993003e-01,3.690495170186903762e-01
-1.505797281874331484e+00,4.905802600193405749e-01,3.297426456163020658e-01
-1.447959164773611862e+00,6.632749621938972551e-01,2.864579414462963269e-01
-1.373428160072302839e+00,8.242193927729920544e-01,2.402174318373039019e-01
-1.283423813706996208e+00,9.725268357829807142e-01,1.920451038289126833e-01
-1.179242974138162703e+00,1.107525998499300668e+00,1.427300338325661888e-01
-1.062246293750650716e+00,1.228651016740806901e+00,9.270907324794105953e-02
-9.338547212523329311e-01,1.335332985826681584e+00,4.211818186827084864e-02
-7.955540596162269384e-01,1.426912219067085763e+00,-9.023506343664028373e-03
-6.489047611978870922e-01,1.502586803484350364e+00,-6.059051086883218695e-02
-4.955536453825242216e-01,1.561405506120263853e+00,-1.121924896915419689e-01
-3.372441595770026002e-01,1.602304787672596875e+00,-1.631474611279745413e-01
-1.758221054961250918e-01,1.624183346027305630e+00,-2.125882345150930386e-01
-1.323426691056872606e-02,1.626004277664414799e+00,-2.596396994156339177e-01
1.484820873302774569e-01,1.606913593862583367e+00,-3.035750188571785246e-01
3.072203441362904019e-01,1.566362698253724650e+00,-3.438795327596234630e-01
4.608371713635535105e-01,1.504220991536882712e+00,-3.802093697499461245e-01
6.071962883802501931e-01,1.420864338604372668e+00,-4.122914839525925190e-01
7.442212620118573430e-01,1.317227353253746847e+00,-4.398377157684595362e-01
8.699532320991643086e-01,1.194812229234633483e+00,-4.625255850922328493e-01
9.826080900645719485e-01,1.055652192524979105e+00,-4.800494004079595145e-01
1.080627494706433156e+00,9.022318993190835412e-01,-4.921984302938088307e-01
1.162719218652202402e+00,7.373709425273115015e-01,-4.989016102462829894e-01
1.227884069517983345e+00,5.640820208768707600e-01,-5.002004403781380448e-01
1.275428350992183102e+00,3.854218571597732290e-01,-4.961617105261925120e-01
1.304962272465634898e+00,2.043562609724334789e-01,-4.867898100220610091e-01
1.316385974737979581e+00,2.365634120221378478e-02,-4.720102268097551290e-01
1.309865929016644781e+00,-1.541681228072706022e-01,-4.517553997556450485e-01
1.285805183423436082e+00,-3.269027487350390504e-01,-4.261125006338107868e-01
1.244811111739051679e+00,-4.926382442061784661e-01,-3.954401272847763993e-01
1.187664039202847022e+00,-6.497602764764317529e-01,-3.603693384550697987e-01
1.115289567127118353e+00,-7.969188951196147785e-01,-3.216722536680310940e-01
1.028736682470363872e+00,-9.329760207346869949e-01,-2.800629460115803271e-01
9.291628122774074905e-01,-1.056934281042329227e+00,-2.360368942034841988e-01
8.178258994306021323e-01,-1.167857673605562363e+00,-1.898336105065868973e-01
6.960824820562636628e-01,-1.264799639334407866e+00,-1.415396119245474760e-01
5.653898594981359160e-01,-1.346754291934688874e+00,-9.127570594934755754e-02
4.273098908699117793e-01,-1.412641703553358719e+00,-3.937145040189907186e-02
2.835118636009490434e-01,-1.461330541830500040e+00,1.356040199788818845e-02
1.357721294098721554e-01,-1.491694127881464604e+00,6.668209320660420381e-02
-1.403133833161951394e-02,-1.502691394638527855e+00,1.190842781162285424e-01
-1.639308750642392010e-01,-1.493462458994235798e+00,1.699501375986710305e-01
-3.118886628132899741e-01,-1.463428112100517930e+00,2.186476466147791731e-01
-4.558247590965780471e-01,-1.412382146884084699e+00,2.647157881661098555e-01
-5.936540088572430651e-01,-1.340565327175911259e+00,3.077741850553817882e-01
-7.233311693310142676e-01,-1.248711333539843205e+00,3.474254539840399003e-01
-8.429019485153765867e-01,-1.138058803267709473e+00,3.832137206804117069e-01
-9.505559447509426274e-01,-1.010328274089358880e+00,4.146596678574309136e-01
-1.044676436432942390e+00,-8.676662531545870083e-01,4.413428846574402042e-01
-1.123882143717695792e+00,-7.125601553980925873e-01,4.629765858556237346e-01
-1.187057391083891078e+00,-5.477293746257531071e-01,4.794289803591692545e-01
-1.233368938106980339e+00,-3.760014184046520103e-01,4.906792442891639849e-01
-1.262269474884498033e+00,-2.001870217892564585e-01,4.967344841101163366e-01
-1.273489110611850217e+00,-2.297050541942639856e-02,4.975590142441700392e-01
-1.267017150031547468e+00,1.531717706947118285e-01,4.930648244370229305e-01
-1.243077135182154125e+00,3.260197573114227976e-01,4.831776597689224628e-01
-1.202098529717022801e+00,4.936268634361853924e-01,4.679415999289585626e-01
-1.144688510906658907e+00,6.543105039438631421e-01,4.475901581596372081e-01
-1.071607092844305109e+00,8.066193827841824371e-01,4.225236240473105864e-01
-9.837481995643717614e-01,9.492795106973009878e-01,3.931896177736174947e-01
-8.821283045186529836e-01,1.081122783178794178e+00,3.599312297804030392e-01
-7.678829132904649857e-01,1.201007039413884980e+00,3.228996429499443321e-01
-6.422697111693242977e-01,1.307742094214664474e+00,2.821015845518840548e-01
-5.066759614118601096e-01,1.400038592406344096e+00,2.375771498059603137e-01
-3.626270338118569025e-01,1.476493325400248358e+00,1.896202524239523901e-01
-2.117929066074408784e-01,1.535616418528926053e+00,1.389119471733220867e-01
-5.599001382221513445e-02,1.575896110671042072e+00,8.646985451650021637e-02
1.028234060363908409e-01,1.595890306966404326e+00,3.341735386403751895e-02
2.625596450460310205e-01,1.594333017531637031e+00,-1.931116121638001837e-02
4.210224455091229334e-01,1.570246331648174509e+00,-7.116225794478583944e-02
5.759374217831669807e-01,1.523050395732518103e+00,-1.219390304182904894e-01
7.249927661481299079e-01,1.452662349039007372e+00,-1.715758464991320731e-01
8.658901368673184162e-01,1.359571915588663193e+00,-2.198516950276615811e-01
9.964037632827502655e-01,1.244880410310446939e+00,-2.662193543222112213e-01
1.114443488632793855e+00,1.110293668557133406e+00,-3.098538138243266404e-01
1.218115811007450366e+00,9.580663623106174809e-01,-3.498843410005579857e-01
1.305776870464526507e+00,7.909019620747556045e-01,-3.856598187676826273e-01
1.376072723598199765e+00,6.118177180909930568e-01,-4.168811839378651074e-01
1.427964267885871719e+00,4.239885699576733669e-01,-4.435257630152992236e-01
1.460735970582165866e+00,2.305883428375812838e-01,-4.656221294987662462e-01
1.473988948217366479e+00,3.464826012777762199e-02,-4.830248613699029692e-01
1.467620234374051202e+00,-1.610515666605573659e-01,-4.953362655953387206e-01
1.441791405149271288e+00,-3.540512188738384469e-01,-5.020332835072568445e-01
1.396890879172155042e+00,-5.422421987251447861e-01,-5.027325107726926534e-01
1.333494901166277113e+00,-7.238641443129979480e-01,-4.974340807027789468e-01
1.252332369258524647e+00,-8.974669755351244449e-01,-4.865825575300891659e-01
1.154258243442451093e+00,-1.061835973390303112e+00,-4.708787550272620637e-01
1.040239140194591405e+00,-1.215881159488220620e+00,-4.509212752513437339e-01
9.113527635511732283e-01,-1.358502840794344246e+00,-4.268711314132903611e-01
7.688002177121753267e-01,-1.488457726142920601e+00,-3.983512063155788541e-01
6.139275564312403066e-01,-1.604257723256532708e+00,-3.646918181414423588e-01
4.482509569470221056e-01,-1.704130284675047458e+00,-3.254464488615741447e-01
2.734793439446641106e-01,-1.786053238297038215e+00,-2.809157967686078949e-01
9.152929032255419095e-02,-1.847854312978972624e+00,-2.323536486445664517e-01
-9.547093993512500987e-02,-1.887348547887980788e+00,-1.816655604535643287e-01
-2.851892473262960248e-01,-1.902486257598617003e+00,-1.307071927819595525e-01
-4.751093152359124883e-01,-1.891499095716671741e+00,-8.056426635181881957e-02
-6.625620904303313186e-01,-1.853047757843722332e+00,-3.124883410847903442e-02
-8.447704872551098365e-01,-1.786376220508369750e+00,1.798844434745458520e-02
-1.018909587571602104e+00,-1.691461458031661147e+00,6.791555465448592677e-02
-1.182183367922056361e+00,-1.569128079035364332e+00,1.186125161164380548e-01
-1.331914742514801242e+00,-1.421092569580311826e+00,1.692460343297693404e-01
-1.465639904380929393e+00,-1.249918041623791831e+00,2.184440103078582884e-01
-1.581194113406205526e+00,-1.058886015149349769e+00,2.649732834389720848e-01
-1.676777324151710546e+00,-8.518088111255278649e-01,3.082277766295175025e-01
-1.750993934683231723e+00,-6.328076159856480531e-01,3.482135859410629974e-01
-1.802867378348716132e+00,-4.060760310702475340e-01,3.851104943622897236e-01
-1.831833299484810107e+00,-1.756485653609535791e-01,4.187586378743856086e-01
-1.837714447328048673e+00,5.480188035116191625e-02,4.483969705957474572e-01
-1.820679183642258225e+00,2.821137431387013561e-01,4.727837700069227322e-01
-1.781186190963472749e+00,5.037205434115231695e-01,4.906374022057019557e-01
-1.719920481938036483e+00,7.176695895762320587e-01,5.012021301088748215e-01
-1.637728377436421967e+00,9.225829807677675687e-01,5.046652726856092341e-01
-1.535560343860058241e+00,1.117564276618212338e+00,5.021716403119381722e-01
-1.414430075635895401e+00,1.302048399606133833e+00,4.953415236099044661e-01
-1.275396090454701481e+00,1.475595279968715756e+00,4.854514832163187021e-01
-1.119568584136597211e+00,1.637643336177260656e+00,4.726579165762910817e-01
-9.481397736207626270e-01,1.787262478881443739e+00,4.557117253399124435e-01
-7.624313237223880879e-01,1.922966225416127939e+00,4.324598810478857969e-01
-5.639491502844553583e-01,2.042642390341438130e+00,4.010554563969418451e-01
-3.544353125330730325e-01,2.143629373347603284e+00,3.613210730915835667e-01
-1.359089844804952651e-01,2.222907984962928296e+00,3.154192202751769925e-01
8.930795773483946043e-02,2.277331900073482185e+00,2.672030232158338903e-01
3.185824626008135763e-01,2.303823645785516128e+00,2.203869863837314147e-01
5.489798604342606136e-01,2.299523548868608991e+00,1.765389185147499818e-01
7.772934966838513926e-01,2.261951424070135275e+00,1.341965396568774727e-01
1.000098780642497465e+00,2.189260623357331070e+00,8.983614447763951794e-02
1.213837452550795559e+00,2.080602627131927562e+00,4.026471931420058659e-02
1.414935628350162400e+00,1.936514796009362049e+00,-1.500241657986936539e-02
1.599951535236216360e+00,1.759173139876357927e+00,-7.298488224808000191e-02
1.765737360563466529e+00,1.552374230226179597e+00,-1.287897965378209941e-01
1.909589434936384666e+00,1.321216315561357879e+00,-1.785725542619661932e-01
2.029358825363958729e+00,1.071572514936336651e+00,-2.218162805724734066e-01
2.123504024436559057e+00,8.095171654899430136e-01,-2.612280410711537160e-01
2.191084827597835627e+00,5.408494142872813937e-01,-3.004565544646463637e-01
2.231711987778755901e+00,2.707784950768717391e-01,-3.414823573926543121e-01
2.245473087704191517e+00,3.751620672199099116e-03,-3.833830209951162304e-01
2.232850707856910866e+00,-2.566296354130487845e-01,-4.228110673228303584e-01
2.194639970456929490e+00,-5.076426253134355138e-01,-4.554959751743982155e-01
2.131865921786110007e+00,-7.474359675835932082e-01,-4.779403825528635297e-01
2.045700649021566342e+00,-9.749769000933491414e-01,-4.887341092724756253e-01
1.937384173838153423e+00,-1.189947834150620887e+00,-4.891122124358605605e-01
1.808157865527860952e+00,-1.392584090130336572e+00,-4.825488323398633428e-01
1.659220877386518467e+00,-1.583442702843502525e+00,-4.734477662906445561e-01
1.491717947576287617e+00,-1.763099220521823662e+00,-4.653367972782805895e-01
1.306761875618017710e+00,-1.931791713370696550e+00,-4.592481214730784744e-01
1.105487749157217925e+00,-2.089066562056264509e+00,-4.530406353860857438e-01
8.891301172788943497e-01,-2.233514480111218781e+00,-4.421950174222831764e-01
6.591104980424105086e-01,-2.362689257138526955e+00,-4.220202664657765057e-01
4.171223843452538382e-01,-2.473249195855524718e+00,-3.903553703251719798e-01
1.652040162685251001e-01,-2.561262044439990504e+00,-3.492065513257688325e-01
-9.420690016599020389e-02,-2.622532844356253889e+00,-3.039964309815818000e-01
-3.582401995038326792e-01,-2.652828549636470967e+00,-2.604268087549473920e-01
-6.235858814360411007e-01,-2.647998276578797494e+00,-2.206704415992365720e-01
-8.865179763835666638e-01,-2.604139175027389896e+00,-1.814695069981386022e-01
-1.142957148495388653e+00,-2.518000562395023678e+00,-1.358766329339121948e-01
-1.388580308590577017e+00,-2.387679184849991643e+00,-7.808727395412976002e-02
-1.618984773563492352e+00,-2.213413019957561900e+00,-8.438282871783858718e-03
-1.829909784590384225e+00,-1.998120524319143110e+00,6.512820769161006829e-02
-2.017500833149076911e+00,-1.747394818357344670e+00,1.310005284945770787e-01
-2.178569022441860348e+00,-1.468903584574670740e+00,1.811424808726041780e-01
-2.310773356862106276e+00,-1.171395486362589944e+00,2.162134965982243917e-01
-2.412674924929665288e+00,-8.636371762545086428e-01,2.442910706653219355e-01
-2.483671442917692929e+00,-5.535643917790037394e-01,2.746107187004963590e-01
-2.523865641986725805e+00,-2.477692625614535404e-01,3.118221834157804961e-01
-2.533919120239972678e+00,4.871282269868777715e-02,3.544140122747404531e-01
-2.514914396126281204e+00,3.324004989945395505e-01,3.966735527936674499e-01
-2.468226439808441697e+00,6.012070651345718941e-01,4.317774175840537465e-01
-2.395401665929980162e+00,8.541861295930316400e-01,4.544662699916938164e-01
-2.298047448271089088e+00,1.091265606699019619e+00,4.628169348908909297e-01
-2.177739074823577425e+00,1.313030074743495978e+00,4.588724408512615538e-01
-2.035951800199879536e+00,1.520545423359143333e+00,4.479210074460507895e-01
-1.874024346509285843e+00,1.715167576561275942e+00,4.365519813811101768e-01
-1.693157504497592614e+00,1.898273882755892705e+00,4.301029791068441410e-01
-1.496217412029360760e+00,2.039393607913943640e+00,-4.041602403281277511e-02
-1.285992193120713667e+00,2.158806505733338987e+00,-1.219893213515820529e-01
-1.064730573634818489e+00,2.259497437536713171e+00,-1.586554902578189152e-01
-8.343575961453522094e-01,2.341746395872562836e+00,-2.020773169529849478e-01
-5.968020614414080161e-01,2.404266267815434066e+00,-2.510211826930986989e-01
-3.541477749002954756e-01,2.444870285201332649e+00,-2.995011195524855951e-01
-1.087051058691821392e-01,2.460900984809669012e+00,-3.435247554015258276e-01
1.369573673444646200e-01,2.449573793596855786e+00,-3.811615885291327332e-01
3.800086766892147860e-01,2.408320293636696974e+00,-4.121564863876435725e-01
6.173813108196302135e-01,2.335153705524881218e+00,-4.374191804710491072e-01
8.458354590289192121e-01,2.229024850969770100e+00,-4.582188776561341159e-01
1.062065836502582572e+00,2.090110219049659435e+00,-4.753082174367097013e-01
1.262843402217495248e+00,1.919983842193323076e+00,-4.883970781358978330e-01
1.445172016207411314e+00,1.721653270212818887e+00,-4.962650792705548541e-01
1.606435410476926728e+00,1.499454701489264741e+00,-4.974755118382861996e-01
1.744514807253590316e+00,1.258792689293345424e+00,-4.912935094215146181e-01
1.857866355481825327e+00,1.005710908473966603e+00,-4.782126779938674632e-01
1.945553180864512344e+00,7.463376192694982647e-01,-4.596876631938587865e-01
2.007229444514059491e+00,4.863387662666499023e-01,-4.372441004303883050e-01
2.043079672620073950e+00,2.305367538787715387e-01,-4.116292269209164134e-01
2.053726978861929453e+00,-1.723408442350853054e-02,-3.825945032423138104e-01
2.040130751718542967e+00,-2.540877038909991614e-01,-3.493616620834504305e-01
2.003491433324623650e+00,-4.779685882914625483e-01,-3.113447517662254471e-01
1.945170679465597185e+00,-6.875292033154619675e-01,-2.686375356636975242e-01
1.866627616129826528e+00,-8.820158320784924344e-01,-2.220517332063824123e-01
1.769369781519644969e+00,-1.061144016541202939e+00,-1.728075238860828089e-01
1.654918549148414186e+00,-1.224948913557950769e+00,-1.221199841411194920e-01
1.524789892993928753e+00,-1.373614825970916664e+00,-7.088892310060859736e-02
1.380490784724155429e+00,-1.507302705215171068e+00,-1.959169036059651980e-02
1.223529824571564895e+00,-1.625998626295429128e+00,3.162103107635058641e-02
1.055438973625359544e+00,-1.729402392733032423e+00,8.269719882704404390e-02
8.778021076255073663e-01,-1.816867306412678795e+00,1.334339657012816038e-01
6.922856846601930236e-01,-1.887393193883383669e+00,1.833186629885571184e-01
5.006670600455207509e-01,-1.939668511469792245e+00,2.315293796712606100e-01
3.048567429455990574e-01,-1.972156017007203888e+00,2.770909836493399281e-01
1.069117963635954904e-01,-1.983218650340241362e+00,3.191092622199914741e-01
-9.096189169908908134e-02,-1.971282696523726452e+00,3.569690529815926494e-01
-2.864208424795953167e-01,-1.935029291832338183e+00,3.904035605439045709e-01
-4.770114284532105398e-01,-1.873593940325120721e+00,4.194114903057649668e-01
-6.602158312748127589e-01,-1.786744385667894841e+00,4.440767662026087192e-01
-8.335168453577350700e-01,-1.675007867214013624e+00,4.643889535354287501e-01
-9.944781843467811466e-01,-1.539730435962267885e+00,4.801513606956672175e-01
-1.140832587199895221e+00,-1.383065710332877396e+00,4.910110789009775045e-01
-1.270566870935419646e+00,-1.207898055583387142e+00,4.965833075023152743e-01
-1.381992928685664923e+00,-1.017703735268904675e+00,4.965999023153767622e-01
-1.473796818771410999e+00,-8.163532296503089869e-01,4.910014703160027194e-01
-1.545062890222219432e+00,-6.078702830662640055e-01,4.799174184587354786e-01
-1.595274101202780459e+00,-3.961847215214754914e-01,4.635406398463527422e-01
-1.624292233879589320e+00,-1.849266965766977466e-01,4.419814769255009379e-01
-1.632322873179053113e+00,2.270510124067277868e-02,4.152213016144895574e-01
-1.619870351296542887e+00,2.240003108003597032e-01,3.832295620312277107e-01
-1.587687643858542552e+00,4.167415135749051314e-01,3.461849050182860266e-01
-1.536725711352039392e+00,5.991805327954685678e-01,3.046487794371114388e-01
-1.468086306791865470e+00,7.699961937120373134e-01,2.595597230173706249e-01
-1.382981801755653217e+00,9.282304329546827715e-01,2.120334322431699225e-01
-1.282704818507335753e+00,1.073198164821402179e+00,1.630753624719102068e-01
-1.168609228984446746e+00,1.204374597469352492e+00,1.133567668230622549e-01
-1.042102566561166954e+00,1.321274080877177459e+00,6.315912277494359350e-02
-9.046484289648690780e-01,1.423340624132892307e+00,1.249977095445839459e-02
-7.577762818854860694e-01,1.509869597237720074e+00,-3.863283636703332413e-02
-6.030953134396812576e-01,1.579973875051432275e+00,-9.004841281127543007e-02
-4.423086794653439124e-01,1.632598707675418703e+00,-1.412324255912810467e-01
-2.772246146673420508e-01,1.666581331202729777e+00,-1.913802047254808125e-01
-1.097613609345098329e-01,1.680746129765602559e+00,-2.395594161009217127e-01
5.805653966639945374e-02,1.674024077317459946e+00,-2.849119853236060651e-01
2.241125187196979507e-01,1.645584310578137588e+00,-3.267940497157236779e-01
3.862242503605977095e-01,1.594964255763080763e+00,-3.647956806291238196e-01
5.421825000596125488e-01,1.522183123000374172e+00,-3.986544433269428866e-01
6.898015894430959971e-01,1.427823911762906794e+00,-4.281338613911308544e-01
8.269783396520145047e-01,1.313072711522859981e+00,-4.529471325830903838e-01
9.517542615271503692e-01,1.179709834208388264e+00,-4.727675486253178905e-01
1.062374700612345846e+00,1.030052563498367268e+00,-4.873076085436781613e-01
1.157339120726957438e+00,8.668531554544002260e-01,-4.964046805505449855e-01
1.235438374814574747e+00,6.931602560104400679e-01,-5.000471598023362718e-01
1.295776814494656204e+00,5.121590780161894285e-01,-4.983147202431484901e-01
1.337778824848623316e+00,3.270129509039277349e-01,-4.912684323941053366e-01
1.361180810160705468e+00,1.407297786378885474e-01,-4.788718524414053990e-01
1.366010963581061999e+00,-4.393199404827734245e-02,-4.610157844179926245e-01
1.352560219272954223e+00,-2.245173334738465587e-01,-4.376531274281464379e-01
1.321348317307840192e+00,-3.988974783131828405e-01,-4.089679210910307505e-01
1.273088832008367310e+00,-5.652704951225510088e-01,-3.754660613148078641e-01
1.208656534628314017e+00,-7.221417637614849783e-01,-3.379157848803561182e-01
1.129059794738614508e+00,-8.682816846262478849e-01,-2.971576035292829987e-01
1.035419901633134465e+00,-1.002659612480055751e+00,-2.538830285827177180e-01
9.289581631412663354e-01,-1.124360278653402156e+00,-2.084991719859036474e-01
8.109904720192808725e-01,-1.232496808269273325e+00,-1.611472201549847549e-01
6.829279067685622984e-01,-1.326138226744529414e+00,-1.118608005828011509e-01
5.462810750891631262e-01,-1.404267221605314697e+00,-6.078059061308241362e-02
4.026654685463546546e-01,-1.465777041326314256e+00,-8.317089443655195646e-03
2.538051118148998420e-01,-1.509507871082654384e+00,4.481621076813521731e-02
1.015321598872704900e-01,-1.534316127285824338e+00,9.770828428931363496e-02
-5.221938903743805760e-02,-1.539166547518347139e+00,1.494325527003493581e-01
-2.054272668962677795e-01,-1.523236037267645893e+00,1.992084352408579340e-01
-3.560029344974682264e-01,-1.486018046355537914e+00,2.464659395231717232e-01
-5.018228663577037896e-01,-1.427415773215656936e+00,2.907985636823394726e-01
-6.407693077916898350e-01,-1.347812646140266191e+00,3.318541068815389350e-01
-7.707793385518295626e-01,-1.248110881512621839e+00,3.692412619986765732e-01
-8.898992045361324710e-01,-1.129733512529890627e+00,4.025086384151944641e-01
-9.963391544336783756e-01,-9.945900527132015556e-01,4.312006762828087814e-01
-1.088523270183869629e+00,-8.450087402137659298e-01,4.549472140819500465e-01
-1.165129419461714777e+00,-6.836394136809610389e-01,4.735276425475615225e-01
-1.225116170661755932e+00,-5.133332065652017606e-01,4.868703860928843552e-01
-1.267735532942110277e+00,-3.370101186339271027e-01,4.949881309854856637e-01
-1.292532092922517473e+00,-1.575307801288536313e-01,4.978877344636981617e-01
-1.299330344850296415e+00,2.241048379016581660e-02,4.955128554498412496e-01
-1.288212862413707471e+00,2.003600074513245954e-01,4.877637111847218376e-01
-1.259492530270374333e+00,3.741443166373768503e-01,4.745920709698862039e-01
-1.213682341677538412e+00,5.418789499308330759e-01,4.561146875231923969e-01
-1.151466258386254049e+00,7.019515243242046010e-01,4.326642265916075258e-01
-1.073674299598084803e+00,8.529816614302826450e-01,4.047276455849296850e-01
-9.812643238597644757e-01,9.937594587167061233e-01,3.727929711419289971e-01
-8.753118579736061111e-01,1.123167294129633786e+00,3.371907022366141815e-01
-7.570079105317344403e-01,1.240095806634375242e+00,2.980318608236797173e-01
-6.276632534270547570e-01,1.343370301312643234e+00,2.552978446923316325e-01
-4.887165094303569379e-01,1.431704891150341608e+00,2.090510529006007479e-01
-3.417428210528437038e-01,1.503696751237672435e+00,1.596565771945560319e-01
-1.884599717902248894e-01,1.557863470322193633e+00,1.078821895986895318e-01
-3.072942568545999897e-02,1.592716894286674512e+00,5.479973009181801635e-02
1.294494880364023270e-01,1.606861469965928491e+00,1.523370946622332189e-03
2.899534485927939276e-01,1.599105200274954397e+00,-5.107618899154534042e-02
4.485580786162681743e-01,1.568574054454449529e+00,-1.025182420046998610e-01
6.029709352358689767e-01,1.514821767069354008e+00,-1.526347732612062524e-01
7.508752072963182922e-01,1.437924853308713002e+00,-2.013208512059733446e-01
8.899835421770903032e-01,1.338549911148946725e+00,-2.482703593800731634e-01
1.018099288443342409e+00,1.217980730088162877e+00,-2.928619975946676890e-01
1.133180153281949210e+00,1.078097603509371671e+00,-3.342636234740555823e-01
1.233397991189036036e+00,9.213082226362664384e-01,-3.716837222047902900e-01
1.317188839498675268e+00,7.504356953527134833e-01,-4.046070095378030418e-01
1.383289048174488389e+00,5.685742091577522528e-01,-4.328662151034353700e-01
1.430755428531362838e+00,3.789279947322741759e-01,-4.565112433705823536e-01
1.458969067507839945e+00,1.846538054398665918e-01,-4.755659782340916353e-01
1.467623835059468806e+00,-1.127274727236142471e-02,-4.898315089701529290e-01
1.456701944557875272e+00,-2.061534971210596257e-01,-4.988659153747906361e-01
1.426440206142582490e+00,-3.976236287421014981e-01,-5.021643341308507091e-01
1.377291557034968861e+00,-5.836711608829451281e-01,-4.994385161483850810e-01
1.309886873929236639e+00,-7.626236703840306719e-01,-4.908242670586179246e-01
1.225001980682425051e+00,-9.331014826117628447e-01,-4.768740892470307857e-01
1.123534140801963011e+00,-1.093934916130768764e+00,-4.583103086590344377e-01
1.006491019412846688e+00,-1.244048714423983570e+00,-4.356568122170872970e-01
8.749930377884705957e-01,-1.382328259463464493e+00,-4.089559507818708584e-01
7.302874772290632865e-01,-1.507493934828705529e+00,-3.777588544462392450e-01
5.737702376008511074e-01,-1.618015202263449526e+00,-3.414485707557705085e-01
4.070095881445798813e-01,-1.712089530623609912e+00,-2.997657910469416764e-01
2.317661063815394940e-01,-1.787693479424528720e+00,-2.532535698745920216e-01
5.000426510217415021e-02,-1.842691711974554503e+00,-2.033295368883233645e-01
-1.361068407149501613e-01,-1.874976791839071177e+00,-1.518778358393479133e-01
-3.242043073461868818e-01,-1.882616092323629475e+00,-1.005452232659723999e-01
-5.117536846711348009e-01,-1.863997261532401639e+00,-5.013863684154276634e-02
-6.960831552336081973e-01,-1.817975607955455652e+00,-4.917129060234837201e-04
-8.744313315800293918e-01,-1.744023470132457954e+00,4.911003417701462204e-02
-1.044010744124135526e+00,-1.642365329724278178e+00,9.920854976096901701e-02
-1.202087007942610919e+00,-1.514068155292950246e+00,1.496118001344609316e-01
-1.346068900036749172e+00,-1.361058470616408167e+00,1.993382175660041999e-01
-1.473599251814858180e+00,-1.186056162216244880e+00,2.470673423786518830e-01
-1.582634180668803792e+00,-9.924363076020449315e-01,2.917510897688185834e-01
-1.671500847358388109e+00,-7.840404274306892463e-01,3.329542327444511285e-01
-1.738930005695381142e+00,-5.649570980069872350e-01,3.707288402139380379e-01
-1.784064932204180609e+00,-3.392896757304503796e-01,4.051732659685239879e-01
-1.806450102670613456e+00,-1.109330356953074775e-01,4.360021075600383211e-01
-1.806002160995891836e+00,1.166138958147067833e-01,4.623862188650303962e-01
-1.782965219403080726e+00,3.403774105327970756e-01,4.831437841010978174e-01
-1.737853928548693583e+00,5.579717625403545211e-01,4.971984248961786035e-01
-1.671390280293675312e+00,7.676001780587479173e-01,5.040953600764294107e-01
-1.584442126267435969e+00,9.680015059085568252e-01,5.043034414712604940e-01
-1.477971972972987880e+00,1.158343888552053391e+00,4.990882057617181955e-01
-1.353003598535653440e+00,1.338062851127812314e+00,4.899350816697801703e-01
-1.210611543211955743e+00,1.506648031612954020e+00,4.777508850375465910e-01
-1.051934771521840561e+00,1.663401151669745337e+00,4.622460006206264849e-01
-8.782113052350910554e-01,1.807210635226175865e+00,4.418976629766814268e-01
-6.908264311397502855e-01,1.936402474618472480e+00,4.146732956952189353e-01
-4.913646523464294535e-01,2.048717309634100481e+00,3.792872196009778873e-01
-2.816559223212300456e-01,2.141423552251142670e+00,3.363427486385565102e-01
-6.380946887786298483e-02,2.211521726710870439e+00,2.885785289475205628e-01
1.597681104023138676e-01,2.255963443036009153e+00,2.398355837102837673e-01
3.863716122687084198e-01,2.271830058925325524e+00,1.931671151009951293e-01
6.130137585018469171e-01,2.256480696444229217e+00,1.491958983682211970e-01
8.364619969155773216e-01,2.207734921243059034e+00,1.058319032074653554e-01
1.053300372585402878e+00,2.124149219858491477e+00,5.969066955081889225e-02
1.260021821501653205e+00,2.005371989535497335e+00,8.453864765352786526e-03
1.453152302061101908e+00,1.852470299824034106e+00,-4.730203120259193761e-02
1.629399111873299333e+00,1.668084089552283933e+00,-1.040916772470314167e-01
1.785804589038824330e+00,1.456313178564867306e+00,-1.574887834285238208e-01
1.919879166657135539e+00,1.222349397197916465e+00,-2.048084218612526153e-01
2.029690061189958428e+00,9.719634281600483261e-01,-2.465653411276253204e-01
2.113894196281496107e+00,7.109908546435049770e-01,-2.856554723598466738e-01
2.171719898135023641e+00,4.449259031998005764e-01,-3.250235830569369044e-01
2.202912914774016073e+00,1.786575380183828554e-01,-3.655915801223034167e-01
2.207664149112687824e+00,-8.367834244057285875e-02,-4.056363617672263944e-01
2.186531020176710083e+00,-3.387733794596387571e-01,-4.415889989040496788e-01
2.140357065612216836e+00,-5.841733149575462081e-01,-4.695538634686303725e-01
2.070190439909406876e+00,-8.182616200110325311e-01,-4.868432168853163988e-01
1.977203104382539989e+00,-1.040196033294098266e+00,-4.930228866227795992e-01
1.862616674997675359e+00,-1.249790440627423616e+00,-4.901316981074518297e-01
1.727644413712241089e+00,-1.447331817898641626e+00,-4.819482240798623751e-01
1.573459151390448341e+00,-1.633324206087094277e+00,-4.724944078121683377e-01
1.401193699712059537e+00,-1.808165596523265473e+00,-4.642951469318862268e-01
1.211974774513591813e+00,-1.971791358154926010e+00,-4.571128799451190661e-01
1.006985215619934593e+00,-2.123353080340588228e+00,-4.478372700402860618e-01
7.875440002982097010e-01,-2.261025119902615899e+00,-4.318464057791590038e-01
5.551910033789740906e-01,-2.382013744397255550e+00,-4.054510666592153756e-01
3.117646685585462318e-01,-2.482770794451556462e+00,-3.682296343047443132e-01
5.946453252551409108e-02,-2.559316859166079539e+00,-3.237375564150656304e-01
-1.991058899589297493e-01,-2.607532225526251857e+00,-2.777598421389103622e-01
-4.609189074345942938e-01,-2.623334015520272899e+00,-2.348097530173919589e-01
-7.225289495683828722e-01,-2.602799086484026247e+00,-1.949931445099980787e-01
-9.801112473689757021e-01,-2.542405383939948749e+00,-1.535329766610945834e-01
-1.229540789511149201e+00,-2.439534807260100635e+00,-1.037844517584193549e-01
-1.466520043664519379e+00,-2.293194151099669398e+00,-4.220866764925293446e-02
-1.686761722715413692e+00,-2.104694920991377671e+00,2.797206696581153174e-02
-1.886223143640699762e+00,-1.877963733907394905e+00,9.744469437378708299e-02
-2.061364599299151834e+00,-1.619296144760044465e+00,1.561198380532101415e-01
-2.209373468966195020e+00,-1.336613187206863396e+00,1.996100445431732984e-01
-2.328290035821523496e+00,-1.038470235788066853e+00,2.317379899060892645e-01
-2.417009997213156680e+00,-7.331154018783277992e-01,2.610680841253508744e-01
-2.475193264546132532e+00,-4.278037202041302112e-01,2.947732129739603080e-01
-2.503132026187691039e+00,-1.284170369412562240e-01,3.347208391620551948e-01
-2.501615195445440420e+00,1.606660417860526491e-01,3.775097818620548606e-01
-2.471800338514722917e+00,4.365156141689341962e-01,4.169260463691796259e-01
-2.415092017620301235e+00,6.974640049441535039e-01,4.467998185853713222e-01
-2.333027058436803358e+00,9.428573351170753680e-01,4.632650852652017148e-01
-2.227171991576612164e+00,1.172820783127674238e+00,4.660675925291241084e-01
-2.099040227991071816e+00,1.388069091195887728e+00,4.586511501454947348e-01
-1.950036383892727487e+00,1.589731556120786982e+00,4.469177402573148994e-01
-1.781433359708367137e+00,1.779130359404460071e+00,4.369954261795879757e-01
-1.594384669451078596e+00,1.957468015783394355e+00,4.327743531380673359e-01
-1.389970595101330142e+00,2.125430402243898342e+00,4.341456221417371308e-01
-1.169272470820798882e+00,2.282776571144744082e+00,4.367705530789106616e-01
-9.334655401273324049e-01,2.428039622855504120e+00,4.338013632981184697e-01
-6.839192133772888926e-01,2.558463613909859546e+00,4.191691978749457759e-01
-4.222957500511805851e-01,2.670215446158615613e+00,3.909715909538843404e-01
-1.506423997170893703e-01,2.758765148226752117e+00,3.528402203581418872e-01
1.285270541454088811e-01,2.819231215525567436e+00,3.118831244979664019e-01
4.121694857949076418e-01,2.846548509821430706e+00,2.739001224878724328e-01
6.966823162141178027e-01,2.835526516617664861e+00,2.387374055513927507e-01
9.779236014829815193e-01,2.781072503339061974e+00,1.991995927869244232e-01
1.251298330090503397e+00,2.678856995584965262e+00,1.451412725409707283e-01
1.511918734318429935e+00,2.526422479398606313e+00,7.096618535613682943e-02
1.754834740574410912e+00,2.324351642087796321e+00,-1.820414780055049087e-02
1.975322187793922213e+00,2.076931981848659348e+00,-1.067076482320220843e-01
2.168028905476940604e+00,1.771559743624477212e+00,-4.501343694634815096e-01
2.328791490914555062e+00,1.440240228514072518e+00,-4.783567018139126548e-01
2.455599132722184219e+00,1.096785188360465346e+00,-4.641246128490453815e-01
2.547908030137517876e+00,7.533391656839415473e-01,-4.435547139909249426e-01
2.606280246985166915e+00,4.195248790701542885e-01,-4.197600346472728505e-01
2.632073322916456348e+00,1.020457999921172282e-01,-3.931590505608336672e-01
2.627148957883028491e+00,-1.951119439209937911e-01,-3.634993126555069454e-01
2.593637951006365405e+00,-4.701348572658796132e-01,-3.299993651305160869e-01
2.533773833967271294e+00,-7.227568094594333248e-01,-2.918119380102598415e-01
2.449778572250604469e+00,-9.536910610561336599e-01,-2.484809905912587491e-01
2.343782882957728297e+00,-1.164176781658069482e+00,-2.002944424705549731e-01
2.217775429117518016e+00,-1.355652367117175183e+00,-1.483774515324728649e-01
2.073581604932984046e+00,-1.529533316415961020e+00,-9.440194754330125115e-02
1.912871275405168436e+00,-1.687055683948876394e+00,-4.003255179968792654e-02
1.737190719389703819e+00,-1.829152808882670067e+00,1.358662850007416600e-02
1.548011249502224906e+00,-1.956352495071781883e+00,6.603743349773591453e-02
1.346786556201040153e+00,-2.068698511267379914e+00,1.174506752335656434e-01
1.135011869184650468e+00,-2.165705249308288671e+00,1.680716406715231093e-01
9.142794752557794613e-01,-2.246348995859211328e+00,2.178012756586963083e-01
6.863266519225026396e-01,-2.309092967009819475e+00,2.659402546526078437e-01
4.530737759310221602e-01,-2.351946057474282092e+00,3.112616001963769419e-01
2.166518247539059860e-01,-2.372567954684051017e+00,3.523784382582232366e-01
-2.058140216962089930e-02,-2.368443512841690080e+00,3.882225506960662598e-01
-2.560389259066198075e-01,-2.337140762291710416e+00,4.183880768058071409e-01
-4.869216699931080417e-01,-2.276636095114547231e+00,4.431633353946250464e-01
-7.102623119082609460e-01,-2.185653849012380689e+00,4.632338368984986188e-01
-9.230015584590731681e-01,-2.063951215508378567e+00,4.792053226870603977e-01
-1.122096750449277591e+00,-1.912495648519852987e+00,4.911889759232036523e-01
-1.304654117964648252e+00,-1.733518274912869694e+00,4.986685310189881148e-01
-1.468067433572086911e+00,-1.530453847615744545e+00,5.007343624339694044e-01
-1.610141288501504286e+00,-1.307774329773282895e+00,4.965781692084573207e-01
-1.729180010106006415e+00,-1.070703264740240579e+00,4.859819227853091617e-01
-1.824032332740284312e+00,-8.248071711734309419e-01,4.695008126417502536e-01
-1.894091988285137029e+00,-5.755206555403004076e-01,4.481950311285441968e-01
-1.939261110342550554e+00,-3.277250199458540680e-01,4.230558811381212037e-01
-1.959886855268750283e+00,-8.549152012046527804e-02,3.944971214728195674e-01
-1.956683223325396570e+00,1.479838552579567090e-01,3.622494543707074355e-01
-1.930649327596136056e+00,3.703131676334406319e-01,3.257155734809441539e-01
-1.882992273794195315e+00,5.798003572276878570e-01,2.845329654851366241e-01
-1.815059309359669415e+00,7.753272093283686273e-01,2.389833157569495048e-01
-1.728281838165907525e+00,9.562482708495386730e-01,1.900308400484601312e-01
-1.624133203735767639e+00,1.122278995087398590e+00,1.390215253337271084e-01
-1.504101627829564025e+00,1.273364395472136534e+00,8.724838470051107797e-02
-1.369678640048829665e+00,1.409530495137697903e+00,3.560937445730413820e-02
-1.222361895916431296e+00,1.530734440765803006e+00,-1.550544795907629614e-02
-1.063669895340232374e+00,1.636735177266505081e+00,-6.608493534214435194e-02
-8.951650385637710539e-01,1.727004719023550905e+00,-1.162145613842159586e-01
-7.184807716128214228e-01,1.800692629150483892e+00,-1.657811669206995797e-01
-5.353483607126305888e-01,1.856646840239032592e+00,-2.142992262561353167e-01
-3.476191728244579782e-01,1.893486191192524037e+00,-2.609328922013008922e-01
-1.572790859317281242e-01,1.909716216060478144e+00,-3.046936925288018516e-01
3.354762682779877103e-02,1.903878715897924456e+00,-3.447068016666136048e-01
2.226073000084920483e-01,1.874723963633343038e+00,-3.804075167608537145e-01
4.075411175858094648e-01,1.821389781478520709e+00,-4.115754265660968025e-01
5.859264348290815771e-01,1.743566203309627971e+00,-4.382092659657416123e-01
7.553351483806916011e-01,1.641622875735046838e+00,-4.603306727461006220e-01
9.134057966441233578e-01,1.516681495607025587e+00,-4.778316683027404865e-01
1.057922528658603145e+00,1.370624602712121165e+00,-4.904423762031476786e-01
1.186892018123978598e+00,1.206039127740998529e+00,-4.978216085497876309e-01
1.298609845629203230e+00,1.026096242960994109e+00,-4.997027455562178533e-01
1.391710288174182963e+00,8.343735425804544859e-01,-4.959945410802194532e-01
1.465196304169892549e+00,6.346377379487132542e-01,-4.867644308324275970e-01
1.518448763256713185e+00,4.306223452061138102e-01,-4.721169474641843111e-01
1.551215858848046025e+00,2.258408959998179921e-01,-4.520704802209368767e-01
1.563585679620748126e+00,2.346179681247824445e-02,-4.265540808533617723e-01
1.555946778060983693e+00,-1.737557536897009203e-01,-3.955603178778136497e-01
1.528942396008816207e+00,-3.634841702174453348e-01,-3.593612156234274879e-01
1.483423553949288820e+00,-5.438265801767770968e-01,-3.186300306618480294e-01
1.420405124591370694e+00,-7.132969507722820568e-01,-2.743675945410518624e-01
1.341027983182015104e+00,-8.707743933375767798e-01,-2.276617712453986864e-01
1.246529480052807948e+00,-1.015425808884456105e+00,-1.794116320687965394e-01
1.138223569171731064e+00,-1.146601569314751545e+00,-1.301588243900627939e-01
1.017490800890443303e+00,-1.263720258615754100e+00,-8.009817932408683228e-02
8.857771563622987010e-01,-1.366163910348888288e+00,-2.924450051628926794e-02
7.445996018179090736e-01,-1.453203065701233365e+00,2.233570302439855104e-02
5.955554792036203970e-01,-1.523963565156053912e+00,7.433669806778450684e-02
4.403325357999154921e-01,-1.577437996048688840e+00,1.261485381775269976e-01
2.807165261039086257e-01,-1.612537498038992156e+00,1.769311657558983730e-01
1.185937612499115001e-01,-1.628175735998327101e+00,2.257797199785283870e-01
-4.405349856567242206e-02,-1.623375456344050116e+00,2.718957565624816608e-01
-2.051605083805239094e-01,-1.597386971153305746e+00,3.146862850157344793e-01
-3.626037382624496264e-01,-1.549805888043293445e+00,3.537586812832839156e-01
-5.142356438348343328e-01,-1.480675500516621890e+00,3.888372586483112014e-01
-6.579301969035851183e-01,-1.390559918851735910e+00,4.196635741827873245e-01
-7.916370198202742348e-01,-1.280578407774355165e+00,4.459393953075999617e-01
-9.134398512397077230e-01,-1.152397729452206088e+00,4.673359398356166095e-01
-1.021613530524422719e+00,-1.008184239464967158e+00,4.835509043312765654e-01
-1.114673495432047412e+00,-8.505195441689946678e-01,4.943706904425323456e-01
-1.191413091210487218e+00,-6.822848504715502971e-01,4.996982118730056710e-01
-1.250926188466539246e+00,-5.065231127436594649e-01,4.995299562590770348e-01
-1.292614813934929829e+00,-3.262946058335051691e-01,4.938971364313243795e-01
-1.316183142972455977e+00,-1.445456968212647797e-01,4.828118664962158801e-01
-1.321620218344084607e+00,3.599264062597369584e-02,4.662648561133931890e-01
-1.309174325822265006e+00,2.128697606951968635e-01,4.442940648714807095e-01
-1.279322233333219261e+00,3.839466065103030457e-01,4.170928807304318253e-01
-1.232736574027901044e+00,5.473998897278916642e-01,3.850864370109360335e-01
-1.170254548578989473e+00,7.017035080246748491e-01,3.489114112481485064e-01
-1.092850776741621788e+00,8.455881400205881304e-01,3.092905000943514393e-01
-1.001616441668059965e+00,9.779801213903683843e-01,2.668607899859293253e-01
-8.977458335324073335e-01,1.097925175994235003e+00,2.220487151270046089e-01
-7.825301686134047419e-01,1.204508550474176820e+00,1.750620270168451176e-01
-6.573573927301599173e-01,1.296786860577202161e+00,1.260063402591339032e-01
-5.237158027508954650e-01,1.373746202374652503e+00,7.506694210811812318e-02
-3.831988576486715647e-01,1.434295877948800646e+00,2.266133602267469960e-02
-2.375085023270158135e-01,1.477299577933189889e+00,-3.051712677819043429e-02
-8.845459452254256227e-02,1.501639036058635801e+00,-8.358598436938638465e-02
6.205155673430673424e-02,1.506301095201060258e+00,-1.356414172971699694e-01
2.120111218379963081e-01,1.490477783597203176e+00,-1.859147729122546944e-01
3.593603649977523684e-01,1.453668778993547184e+00,-2.338371240901767900e-01
5.020026695065171740e-01,1.395775175554442304e+00,-2.789904337809235857e-01
6.378498068420366263e-01,1.317173051959114494e+00,-3.209935574761494381e-01
7.648708438055853431e-01,1.218756391460787958e+00,-3.594074613605126034e-01
8.811453696319748730e-01,1.101942181811151888e+00,-3.937253280102278596e-01
9.849163837918173403e-01,9.686351472023576603e-01,-4.234536579156912284e-01
1.074637832683869032e+00,8.211540688888873119e-01,-4.482289377023437327e-01
1.149012554557410581e+00,6.621257400167300800e-01,-4.678897162983207680e-01
1.207017870649470748e+00,4.943571551857262603e-01,-4.824511403216621419e-01
1.247917675941497162e+00,3.207014234236743033e-01,-4.919912768539528303e-01
1.271261336738314762e+00,1.439354484254058986e-01,-4.965176914069334702e-01
1.276870983086272116e+00,-3.333553315975217035e-02,-4.959013315290451418e-01
1.264819875215640321e+00,-2.087396568748653425e-01,-4.899279490294264905e-01
1.235405264458559138e+00,-3.801682366486309195e-01,-4.784440814978597745e-01
1.189119420083767142e+00,-5.457796408610634531e-01,-4.615100859276611844e-01
1.126622290574458063e+00,-7.039816347811403974e-01,-4.394605656253151027e-01
1.048718740221181278e+00,-8.533930587995294248e-01,-4.128242049921385659e-01
9.563425053874672344e-01,-9.927850420506675322e-01,-3.821400278284673435e-01
8.505479279740132403e-01,-1.121006047048211274e+00,-3.477733454312544881e-01
7.325091894594115693e-01,-1.236901888980026287e+00,-3.098422146872766847e-01
6.035253942646390257e-01,-1.339247349665648956e+00,-2.683084470949995692e-01
4.650287604378129380e-01,-1.426706499668733530e+00,-2.231952909854416911e-01
3.185926628845883180e-01,-1.497833224832583854e+00,-1.748159217614545791e-01
1.659364522660375929e-01,-1.551113844577626688e+00,-1.238791849199617767e-01
8.924696656755992663e-03,-1.585044526231560669e+00,-7.139970867694703238e-02
-1.504405997497750835e-01,-1.598231417525793008e+00,-1.845065757569588905e-02
-3.100355813161594920e-01,-1.589501666388350332e+00,3.410645664024056223e-02
-4.676385353222050068e-01,-1.558015726065193229e+00,8.576310517775706521e-02
-6.209630718587371145e-01,-1.503371903987004155e+00,1.363015599420006330e-01
-7.677012101977067626e-01,-1.425692424773817857e+00,1.855785250792461871e-01
-9.055761469759600057e-01,-1.325679273325418572e+00,2.332944210027914911e-01
-1.032402450791570780e+00,-1.204630827631323564e+00,2.788875161633751487e-01
-1.146148979440048565e+00,-1.064416337616103769e+00,3.216044916152708266e-01
-1.244998214106258105e+00,-9.074108866481315205e-01,3.606866081899749998e-01
-1.327395902080853007e+00,-7.363956733121953535e-01,3.955486061679306387e-01
-1.392086731297774493e+00,-5.544288372816837951e-01,4.258493319263817467e-01
-1.438134101721326497e+00,-3.646949639758487183e-01,4.514309379107811493e-01
-1.464923868499968806e+00,-1.703481000470078999e-01,4.721806915373559788e-01
-1.472153071814907621e+00,2.563111739378938492e-02,4.879075351969487384e-01
-1.459805670976051184e+00,2.205448921806690277e-01,4.983156502161517620e-01
-1.428118533861856720e+00,4.120436619947954182e-01,5.031037738465710119e-01
-1.377542201808537259e+00,5.981467873780682565e-01,5.021389764416096524e-01
-1.308701795789783739e+00,7.772226165259182862e-01,4.955890426801187187e-01
-1.222363532143078801e+00,9.479312088147898718e-01,4.838994272025968213e-01
-1.119411557863362328e+00,1.109131809227400955e+00,4.675846361368510840e-01
-1.000838185730725138e+00,1.259760775251155485e+00,4.469274041847935974e-01
-8.677482284151001313e-01,1.398694892633953968e+00,4.217669636355080298e-01
-7.213753703770973136e-01,1.524625783824620440e+00,3.915486130418938115e-01
-5.631060354331485218e-01,1.635976539535531016e+00,3.556854623291653139e-01
-3.945047709730229446e-01,1.730885623659495165e+00,3.140934288433027133e-01
-2.173352620959658754e-01,1.807264633993209690e+00,2.676028498535910627e-01
-3.357255729349550855e-02,1.862913495507036776e+00,2.179459226723235721e-01
1.545958506650693121e-01,1.895662983486476660e+00,1.672254985232822511e-01
3.447807835546388144e-01,1.903519578742503660e+00,1.170968418036587300e-01
5.344141229296914819e-01,1.884806579254150405e+00,6.812422914906765548e-02
7.207843321069760112e-01,1.838310693606691748e+00,1.972135671005656454e-02
9.010865940690420128e-01,1.763439786704143364e+00,-2.925078662908223159e-02
1.072489341323801915e+00,1.660376161554333541e+00,-7.956677859754282545e-02
1.232216441767105319e+00,1.530188102655191562e+00,-1.309561690641391218e-01
1.377639541207106522e+00,1.374859334496406182e+00,-1.820829462823968792e-01
1.506370305661107745e+00,1.197216147640624007e+00,-2.311883108956439836e-01
1.616340566613639451e+00,1.000762326769192745e+00,-2.769556044823789920e-01
1.705860970423371148e+00,7.894543963178736190e-01,-3.190096404050609680e-01
1.773654016437789638e+00,5.674554536895825008e-01,-3.577437536984336974e-01
1.818862185304278567e+00,3.388993516621175428e-01,-3.936532717030917228e-01
1.841034311744912166e+00,1.076866816988831382e-01,-4.266527667782159527e-01
1.840093843408667551e+00,-1.226756460032573520e-01,-4.557912067267909650e-01
1.816292584397958709e+00,-3.491873807208689118e-01,-4.794991296586675888e-01
1.770153918555141370e+00,-5.694212038908245122e-01,-4.962258178451907087e-01
1.702410542947556227e+00,-7.815420319631042334e-01,-5.051543371446288733e-01
1.613943176219204023e+00,-9.842735831118823997e-01,-5.066405135208117416e-01
1.505727955991556621e+00,-1.176802229025012858e+00,-5.021236608587545946e-01
1.378800411952848748e+00,-1.358611739244907080e+00,-4.934854647999930011e-01
1.234242217596891455e+00,-1.529256287010031246e+00,-4.821052891659834971e-01
1.073193254545518061e+00,-1.688100377605574076e+00,-4.680564993368651061e-01
8.968865656538700382e-01,-1.834076614915213677e+00,-4.499079737176191474e-01
7.066989002332857428e-01,-1.965524510902069588e+00,-4.253801801742770339e-01
5.042064533312258234e-01,-2.080162042098038455e+00,-3.926755350549956392e-01
2.912352867277034907e-01,-2.175199876729862147e+00,-3.518250514760953296e-01
6.989859461145098152e-02,-2.247551850901682968e+00,-3.051895812744450653e-01
-1.573832071635370422e-01,-2.294061997417218279e+00,-2.566030803525382042e-01
-3.878805861516885223e-01,-2.311689780558763729e+00,-2.094690070237465174e-01
-6.185712355989816391e-01,-2.297662061711388759e+00,-1.649075234967913028e-01
-8.461760340304580463e-01,-2.249660128189212571e+00,-1.211951516107109550e-01
-1.067218864131664668e+00,-2.166106219071942007e+00,-7.502412012717232792e-02
-1.278116711133808758e+00,-2.046536386411430541e+00,-2.392146509004536292e-02
-1.475304627902546573e+00,-1.891948540744783580e+00,3.172308103186591288e-02
-1.655391415161903135e+00,-1.704974122238885892e+00,8.849262978092550802e-02
-1.815326969714552208e+00,-1.489775939264996518e+00,1.419341732202309136e-01
-1.952549098515143244e+00,-1.251686680544884078e+00,1.893720974203557394e-01
-2.065078377123191089e+00,-9.966963551583686298e-01,2.314296855898828331e-01
-2.151548189810308820e+00,-7.309225358959691166e-01,2.711306467997286473e-01
-2.211180747848809247e+00,-4.601611281351642435e-01,3.114472921223762070e-01
-2.243731179453579472e+00,-1.895583665798438733e-01,3.532014908224806460e-01
-2.249416802008752825e+00,7.659459293289024029e-02,3.945120688500719508e-01
-2.228838051473663207e+00,3.349555029496167902e-01,4.316742076973224540e-01
-2.182892163055319301e+00,5.831290907452969519e-01,4.607189476697425290e-01
-2.112682174174700833e+00,8.195960354091055278e-01,4.789643372042985403e-01
-2.019427641486824854e+00,1.043603666703086352e+00,4.860697422788530231e-01
-1.904385990564316566e+00,1.255032614428760018e+00,4.842355729664785668e-01
-1.768793818961795106e+00,1.454227010288855260e+00,4.774042339264167323e-01
-1.613835974775801541e+00,1.641762665281770728e+00,4.696769842535343242e-01
-1.440647067580993701e+00,1.818140515058363382e+00,4.635174874272917078e-01
-1.250345564767310735e+00,1.983428347509030187e+00,4.584948057037036007e-01
-1.044095372230785523e+00,2.136919454732112200e+00,4.512438518130491572e-01
-8.231850228047890017e-01,2.276909576496086274e+00,4.369379263713736306e-01
-5.891123494236050195e-01,2.400681156192390198e+00,4.118518575895205869e-01
-3.436641768384041118e-01,2.504707157922680061e+00,3.757602251382853309e-01
-8.898452942229551077e-02,2.584976801485102449e+00,3.325722093549882130e-01
1.723725966538285359e-01,2.637286762889048397e+00,2.883573307450068013e-01
4.374105650075976737e-01,2.657403594148711967e+00,2.475861758894309650e-01
7.026849065693057117e-01,2.641161898180582668e+00,2.098860916525139009e-01
9.643357180945761886e-01,2.584695909230384281e+00,1.697050869840407150e-01
1.218168740623847723e+00,2.484977661249013536e+00,1.196757292532798223e-01
1.459793154331378240e+00,2.340629095261430592e+00,5.600341117745952224e-02
1.684816249159921009e+00,2.152722814076403424e+00,-1.758552623373535462e-02
1.889083654565575809e+00,1.925185757200844838e+00,-9.052166705321443296e-02
2.068938109425642935e+00,1.664559122427455184e+00,-1.511605770449807873e-01
2.221450152817882273e+00,1.379152577770216714e+00,-1.941223718443200463e-01
2.344564036192613443e+00,1.077890243763350631e+00,-2.235359445816886004e-01
2.437121836703528110e+00,7.692477237465399353e-01,-2.494333982728679511e-01
2.498775096646874694e+00,4.605653477485008307e-01,-2.806386543673201617e-01
2.529833616804473273e+00,1.577666799434050415e-01,-3.199472759054319271e-01
2.531106649627281602e+00,-1.346766853450793167e-01,-3.639852012569210205e-01
2.503766027874999800e+00,-4.136821675091121864e-01,-4.060144131388457867e-01
2.449230955813457733e+00,-6.774369015880844502e-01,-4.391431116286358405e-01
2.369062580227897286e+00,-9.252198449046692419e-01,-4.587269529705199078e-01
2.264863222833670253e+00,-1.157187903082125269e+00,-4.637486520579915394e-01
2.138186661114482412e+00,-1.374159715576548146e+00,-4.570813173693909492e-01
1.990471594419964019e+00,-1.577400040644001189e+00,-4.445162076235124049e-01
1.823008966550163867e+00,-1.768372383462312181e+00,-4.327188216173186719e-01
1.636948441655740716e+00,-1.948423046985516160e+00,-4.267027840348635026e-01
1.435135901337946773e+00,-2.084391737248033394e+00,4.531130882795761372e-02
1.220613308399906005e+00,-2.197946342018266108e+00,1.304241253378560506e-01
9.956761669773490642e-01,-2.292275048756991396e+00,1.702130622024523310e-01
7.622935659183553980e-01,-2.367603068732844207e+00,2.154888224677787567e-01
5.224543437722546368e-01,-2.422529941102419926e+00,2.647684520993917046e-01
2.783205265894739266e-01,-2.454761203066435193e+00,3.123904087976993038e-01
3.229339107740769599e-02,-2.461563781862821543e+00,3.550593998890744230e-01
-2.129647397450276092e-01,-2.440146158575565494e+00,3.915269276960015032e-01
-4.545394324696665489e-01,-2.388050240763865517e+00,4.218639423771674002e-01
-6.893044031392758786e-01,-2.303550785480602769e+00,4.468501770963965170e-01
-9.139978842533766912e-01,-2.186004385323448318e+00,4.673243660723284121e-01
-1.125336391694718552e+00,-2.036085726276709806e+00,4.835856156790282467e-01
-1.320158658271924468e+00,-1.855882862588254634e+00,4.951069717528565617e-01
-1.495582467630468981e+00,-1.648860670117438199e+00,5.007452257501893156e-01
-1.649150032730860582e+00,-1.419706548079061159e+00,4.993746424001227480e-01
-1.778938075376802042e+00,-1.174044598593470434e+00,4.906030821069390369e-01
-1.883617886615820192e+00,-9.179961347922028780e-01,4.751278355113538465e-01
-1.962463042580037120e+00,-6.576265990596593669e-01,4.544679989414061039e-01
-2.015311649899481417e+00,-3.984144797571024799e-01,4.302052082449517867e-01
-2.042494995948687553e+00,-1.448996954874123833e-01,4.032036744619301727e-01
-2.044747210254377556e+00,9.942276747678653603e-02,3.732963288754928000e-01
-2.023110528038125189e+00,3.320204669390756647e-01,3.396048292763066412e-01
-1.978847008728515044e+00,5.511624596078749105e-01,3.012517594393483433e-01
-1.913362287314949173e+00,7.557608897337820819e-01,2.580138717595968911e-01
-1.828143418573456858e+00,9.452381978106049187e-01,2.105681015911596565e-01
-1.724711874174132520e+00,1.119404487906093371e+00,1.602701334013499623e-01
-1.604592708272985613e+00,1.278323875157449718e+00,1.086576842546190524e-01
-1.469300357983662098e+00,1.422162799254237830e+00,5.695852763637784810e-02
-1.320340283546603155e+00,1.551030543829604147e+00,5.818701075798710098e-03
-1.159224188930763733e+00,1.664833025363070318e+00,-4.466969660551459165e-02
-9.874953249796638577e-01,1.763162902425206680e+00,-9.469596353297507485e-02
-8.067595093702515374e-01,1.845243421297710240e+00,-1.443595242102847787e-01
-6.187170878376353489e-01,1.909933269779257259e+00,-1.933749316434304755e-01
-4.251912506128714409e-01,1.955789559946712108e+00,-2.409875195520189417e-01
-2.281488806279041714e-01,1.981180021771943300e+00,-2.861329513026059645e-01
-2.971101582584512180e-02,1.984434291002832529e+00,-3.277512162602899126e-01
1.678495581419465754e-01,1.964024176411616862e+00,-3.650858076337107905e-01
3.621262582286453036e-01,1.918759457428137472e+00,-3.978136816922029917e-01
5.506149388858292415e-01,1.847978897939531739e+00,-4.259551835048945856e-01
7.307698569269540645e-01,1.751711028649850510e+00,-4.496389870930911359e-01
9.000775110609073870e-01,1.630781453191614494e+00,-4.688679642729410846e-01
1.056142055179198680e+00,1.486852587057130526e+00,-4.834145268188879685e-01
1.196772499713079529e+00,1.322391206025203436e+00,-4.928903188376355660e-01
1.320061263632423154e+00,1.140563466138589055e+00,-4.969337055869164077e-01
1.424445909068484006e+00,9.450595805457896459e-01,-4.953878032666497733e-01
1.508749360123025962e+00,7.398609018475620358e-01,-4.883427231480556019e-01
1.572196817666053903e+00,5.289829018103836544e-01,-4.760050910892746900e-01
1.614409764741023157e+00,3.162436361994716560e-01,-4.584922509272689739e-01
1.635379769436664299e+00,1.050996084126312874e-01,-4.357249229667533585e-01
1.635427248956846213e+00,-1.014400768275668802e-01,-4.075310765142364788e-01
1.615151792726308155e+00,-3.008412694980099888e-01,-3.739107882107833847e-01
1.575380296093126464e+00,-4.910421684707328427e-01,-3.352793902751588506e-01
1.517117684386611431e+00,-6.704341971121100530e-01,-2.925133286388518217e-01
1.441503591175473442e+00,-8.378216078851626891e-01,-2.467582364686836949e-01
1.349777457669272485e+00,-9.923494071542854345e-01,-1.991102522128517516e-01
1.243253804029727405e+00,-1.133398050138797908e+00,-1.503442714149560155e-01
1.123308458359334683e+00,-1.260457429425739351e+00,-1.008165718589043858e-01
9.913752609590509302e-01,-1.373002277319713693e+00,-5.056708442935078929e-02
8.489514443203443061e-01,-1.470392211244561986e+00,4.469665388765198255e-04
6.976088280004766329e-01,-1.551813482213937556e+00,5.210232459834682195e-02
5.390073662133756383e-01,-1.616269739181511733e+00,1.039559890696562794e-01
3.749075175979108554e-01,-1.662619881611729022e+00,1.552456236575875115e-01
2.071782968153719207e-01,-1.689655222774207433e+00,2.050299664607589667e-01
3.779848217599979243e-02,-1.696206077503412013e+00,2.523920684668351511e-01
-1.311510090094969438e-01,-1.681267348141222806e+00,2.966055083056272634e-01
-2.975052472913402024e-01,-1.644131134402366579e+00,3.371926671389101626e-01
-4.590452835183429503e-01,-1.584511564244911463e+00,3.738675411147579508e-01
-6.135405919733429858e-01,-1.502645486218632920e+00,4.064162885202432518e-01
-7.588029067614383560e-01,-1.399355204941123754e+00,4.345927458903088292e-01
-8.927480118501363027e-01,-1.276065942543713527e+00,4.580840465043064524e-01
-1.013459709945442766e+00,-1.134777617442754627e+00,4.765523662720124731e-01
-1.119249000635813340e+00,-9.779942063776375649e-01,4.897148801995524492e-01
-1.208702124713380011e+00,-8.086147464542571273e-01,4.974080836945614648e-01
-1.280713310482336498e+00,-6.297923267991355489e-01,4.995971140923626264e-01
-1.334500764994124511e+00,-4.447743343779732572e-01,4.963242766424781349e-01
-1.369606701438972118e+00,-2.567453951405928581e-01,4.876293444490141793e-01
-1.385883626755995524e+00,-6.869612580845989303e-02,4.735000133574044368e-01
-1.383469897541690807e+00,1.166677347698586581e-01,4.539030184062607942e-01
-1.362757942764675656e+00,2.969747077542129188e-01,4.288969934049856603e-01
-1.324358696588874063e+00,4.702033313640663903e-01,3.987635748418892900e-01
-1.269065760214570959e+00,6.346722143436255292e-01,3.640637102163662986e-01
-1.197822613435929329e+00,7.890072031705591682e-01,3.255622544059900703e-01
-1.111695709684393352e+00,9.320852353956333713e-01,2.840450697143620529e-01
-1.011855398350989477e+00,1.062956878423198637e+00,2.401226884979504594e-01
-8.995653754563213145e-01,1.180756180598447669e+00,1.941271581913522615e-01
-7.761800030528986927e-01,1.284612937538215816e+00,1.461592517639214994e-01
-6.431476483101230546e-01,1.373584933088036086e+00,9.626351965551091516e-02
-5.020173859041572317e-01,1.446624661598024497e+00,4.464209454230680385e-02
-3.544460664107325076e-01,1.502587660979652684e+00,-8.202114568424040408e-03
-2.022028454090729621e-01,1.540280960748435790e+00,-6.146567027665131300e-02
-4.716865924428215173e-02,1.558543574091192374e+00,-1.141850354804080647e-01
1.086713742831684204e-01,1.556347996812178058e+00,-1.654385989531920453e-01
2.632442211999108661e-01,1.532911336850412587e+00,-2.145010880817707355e-01
4.144150629887775050e-01,1.487804779952209833e+00,-2.608749147767684962e-01
5.600238798109342664e-01,1.421049512736416665e+00,-3.042005645355586596e-01
6.979318981367461650e-01,1.333186988685607366e+00,-3.441204045279199208e-01
8.260755445194976065e-01,1.225313249832300277e+00,-3.801923909798264889e-01
9.425236616372054677e-01,1.099071180591627117e+00,-4.119106418832984007e-01
1.045532554763771271e+00,9.565995622545190313e-01,-4.388161306519516858e-01
1.133593521771159018e+00,8.004422380823256189e-01,-4.606201286823764507e-01
1.205468774184519365e+00,6.334250543749727624e-01,-4.772532184363430519e-01
1.260213437843633155e+00,4.585136972999828697e-01,-4.887996726671605119e-01
1.297183029911741503e+00,2.786709740936375579e-01,-4.953519900926589559e-01
1.316027270422722495e+00,9.673344051724781789e-02,-4.968769073167794703e-01
1.316672370835354267e+00,-8.467849058330416401e-02,-4.931848268361324061e-01
1.299294990459325394e+00,-2.632133963825557532e-01,-4.840341880282156284e-01
1.264291653603366594e+00,-4.368098150316212513e-01,-4.693152981087368447e-01
1.212247481022766582e+00,-6.036924110718066006e-01,-4.492006104444331571e-01
1.143907730070723217e+00,-7.623465896491002924e-01,-4.241610325084340660e-01
1.060155007395806370e+00,-9.114709167096687326e-01,-3.948256449600623386e-01
9.619941277256447432e-01,-1.049907603791263577e+00,-3.617572017003186646e-01
8.505453944757777052e-01,-1.176557477456978029e+00,-3.252701548986439706e-01
7.270456475146340747e-01,-1.290293709006267386e+00,-2.854003740837259828e-01
5.928550231782727664e-01,-1.389893360568551062e+00,-2.420557100671746620e-01
4.494663537103384954e-01,-1.474004285426719685e+00,-1.952756135381267522e-01
2.985137694746251569e-01,-1.541157038145542169e+00,-1.454598059066160298e-01
1.417774096196366962e-01,-1.589820522741583142e+00,-9.343228390785643378e-02
-1.881802007332189497e-02,-1.618491192649938570e+00,-4.029287889315927296e-02
-1.812121929194721037e-01,-1.625802238847496861e+00,1.286941612799349932e-02
-3.432263973267632995e-01,-1.610640730557181266e+00,6.524294332241251104e-02
-5.025898034526903313e-01,-1.572263115904167785e+00,1.163919235988356282e-01
-6.569756843170424521e-01,-1.510399482602439614e+00,1.661418322879083254e-01
-8.040482429249939944e-01,-1.425335093161637312e+00,2.143357794005947559e-01
-9.415193332557538763e-01,-1.317957564688166494e+00,2.606186232076578291e-01
-1.067211941004676978e+00,-1.189762098452776806e+00,3.043764675357846228e-01
-1.179124777581994854e+00,-1.042813630461662422e+00,3.448523462010751883e-01
-1.275491124983749947e+00,-8.796694701918054138e-01,3.813489220437656924e-01
-1.354825895879447240e+00,-7.032671963991338204e-01,4.133874177734736532e-01
-1.415957193526820257e+00,-5.167834596331123409e-01,4.407360179663396549e-01
-1.458041132126276063e+00,-3.234741489676908333e-01,4.633085804490332249e-01
-1.480560389243368968e+00,-1.265141939328186527e-01,4.810078913073522200e-01
-1.483308014905178718e+00,7.114053499872581565e-02,4.936149626990936623e-01
-1.466359019511026540e+00,2.668514721510051868e-01,5.008014632661809129e-01
-1.430033453269055288e+00,4.583490832618222766e-01,5.022730364812514336e-01
-1.374855785958518206e+00,6.437408168289077137e-01,4.979635148931959021e-01
-1.301515986921735868e+00,8.214804203227678014e-01,4.881466326582665216e-01
-1.210837562624000663e+00,9.903012645240759637e-01,4.733606232135610936e-01
-1.103756848086833608e+00,1.149115406505620163e+00,4.541491182354587819e-01
-9.813160582545947808e-01,1.296885327701787771e+00,4.307482883933343443e-01
-8.446701396891633795e-01,1.432485808201057642e+00,4.029166166713861186e-01
-6.951047608426004221e-01,1.554583855410294424e+00,3.700606125167834604e-01
-5.340605377302678480e-01,1.661567816251036112e+00,3.316607810681330148e-01
-3.631575222253389246e-01,1.751547541073525727e+00,2.878092037776863732e-01
-1.842144159582119745e-01,1.822426915919581392e+00,2.395433559571909787e-01
7.414039198929689434e-04,1.872028087691171683e+00,1.887110956603546830e-01
1.894749990657838001e-01,1.898237008617519317e+00,1.373508474306487093e-01
3.795567116579323663e-01,1.899148924268134087e+00,8.688931183821843596e-02
5.683871249953129645e-01,1.873211507743100190e+00,3.762523544576698575e-02
7.532353772667430558e-01,1.819374556633917228e+00,-1.116403568332038909e-02
9.312929198113077955e-01,1.737246960040680355e+00,-6.052691695415038375e-02
1.099744093945889345e+00,1.627239784138408529e+00,-1.109609076083525603e-01
1.255851593048785464e+00,1.490657347189454418e+00,-1.618926902284247016e-01
1.397049804721761657e+00,1.329701375136529640e+00,-2.118388005447161826e-01
1.521034881060162380e+00,1.147376074387293832e+00,-2.591307765164084786e-01
1.625839893819343907e+00,9.473093814754028896e-01,-3.027087255763812879e-01
1.709887020353869858e+00,7.335227043451747475e-01,-3.424505250124784128e-01
1.772014035833441969e+00,5.101845186925703102e-01,-3.788524400056206831e-01
1.811476518921329992e+00,2.813779912999601618e-01,-4.123300216942783480e-01
1.827929014830239840e+00,5.090471484482590736e-02,-4.426162674829267063e-01
1.821388823890889519e+00,-1.778631403206338280e-01,-4.686084390354966489e-01
1.792186338241202215e+00,-4.020799265120020283e-01,-4.887285800408111003e-01
1.740906469240199206e+00,-6.194761568235575000e-01,-5.016052496628137236e-01
1.668326700933763007e+00,-8.283617387899530060e-01,-5.067383571982776447e-01
1.575358483780538554e+00,-1.027576670322487340e+00,-5.048047074819993485e-01
1.462999536314569582e+00,-1.216379025604841013e+00,-4.974088731109748140e-01
1.332304303755396990e+00,-1.394265862191329974e+00,-4.863380673869573956e-01
1.184377660823186407e+00,-1.560739033227144690e+00,-4.726364668815296044e-01
1.020392983523807917e+00,-1.715050274404850805e+00,-4.559588055032196552e-01
8.416308122602195185e-01,-1.855980294299350186e+00,-4.346122317098323196e-01
6.495299493124888635e-01,-1.981713142528984450e+00,-4.064165764496766586e-01
4.457405690956228739e-01,-2.089847535445908733e+00,-3.700640156058457864e-01
2.321696323898005954e-01,-2.177540067083022279e+00,-3.262496491687915112e-01
1.101197583199176044e-02,-2.241723539279295352e+00,-2.777941755802447732e-01
-2.152358777101206488e-01,-2.279324545393561330e+00,-2.284749718096935889e-01
-4.437796474921198442e-01,-2.287439070753943149e+00,-1.811127104190336790e-01
-6.715491124789634281e-01,-2.263490999224739397e+00,-1.360700923826289321e-01
-8.952399031739137758e-01,-2.205440786035294920e+00,-9.120684085891386794e-02
-1.111380303770191036e+00,-2.112086556092839018e+00,-4.347042957212923775e-02
-1.316429338830476636e+00,-1.983416882122922553e+00,8.802161010502768113e-03
-1.506908547605056770e+00,-1.820895078505909703e+00,6.439795086601915464e-02
-1.679559027890533907e+00,-1.627544470296861556e+00,1.196800150233866267e-01
-1.831500639230608796e+00,-1.407775526045382586e+00,1.707956233523571787e-01
-1.960361298159628562e+00,-1.166998072802050368e+00,2.160797774129389059e-01
-2.064350982266752510e+00,-9.111279293464261686e-01,2.568359027065935107e-01
-2.142275619978018852e+00,-6.461002030093095927e-01,2.959819747377093746e-01
-2.193505475782663083e+00,-3.774627153593518858e-01,3.357581472704208592e-01
-2.217917867919196873e+00,-1.100798755019828795e-01,3.761553538676122299e-01
-2.215826784150256579e+00,1.520479122548311079e-01,4.148077731139164781e-01
-2.187903444039335454e+00,4.058552797993664751e-01,4.480359257725109456e-01
-2.135089482742080769e+00,6.491915135678459903e-01,4.723551312894568310e-01
-2.058507042071282989e+00,8.807396222416520315e-01,4.858581422215831891e-01
-1.959373304009085937e+00,1.099902699059889022e+00,4.890143364947147075e-01
-1.838928586482775573e+00,1.306662901397057430e+00,4.845654694092002002e-01
-1.698386821015741122e+00,1.501394752398134136e+00,4.764743880086496075e-01
-1.538915214619365424e+00,1.684610374352881967e+00,4.682635256827961667e-01
-1.361646311912257490e+00,1.856635647224990526e+00,4.613866222343386836e-01
-1.167720878344524538e+00,2.017255963140360819e+00,4.543719184720370619e-01
-9.583547927518865084e-01,2.165412581377060164e+00,4.432980719165396932e-01
-7.349190252276749380e-01,2.299049729206892323e+00,4.236694350725923597e-01
-4.990208180717579101e-01,2.415178637353282642e+00,3.929826644155082205e-01
-2.525768987813414856e-01,2.510133147640110973e+00,3.525708950020093324e-01
2.126577775502402901e-03,2.579893550758844079e+00,3.073279915111538640e-01
2.623909842970773010e-01,2.620335898643339156e+00,2.630285330421341383e-01
5.250839695519757822e-01,2.627363489512807959e+00,2.226315065118934233e-01
7.866476328342428825e-01,2.597033937636293643e+00,1.839760978238949851e-01
1.043146339613235662e+00,2.525877923019079319e+00,1.407449485671577738e-01
1.290364730655936709e+00,2.411516762377248213e+00,8.660967838724328849e-02
1.523962067666537301e+00,2.253458603724894260e+00,2.020976787728909208e-02
1.739679470386051419e+00,2.053750848321064026e+00,-5.244818775998286164e-02
1.933583082460075486e+00,1.817153366854410868e+00,-1.204448012019316006e-01
2.102309076194445403e+00,1.550691780095483585e+00,-1.743526541565049437e-01
2.243260509968158178e+00,1.262723126533518814e+00,-2.122368285563186741e-01
2.354707175405178710e+00,9.618422361481736571e-01,-2.404288779508522433e-01
2.435769230906342564e+00,6.559791163621236931e-01,-2.685030721094331385e-01
2.486308958219935139e+00,3.518744317889409001e-01,-3.029352757640150218e-01
2.506781482797005189e+00,5.489037987676843866e-02,-3.440956177512158876e-01
2.498088926012428601e+00,-2.309971777241647817e-01,-3.872923056801101938e-01
2.461455525080949780e+00,-5.031282041426267115e-01,-4.257239148419219577e-01
2.398318737762760833e+00,-7.600295741171622099e-01,-4.533412648416447199e-01
2.310226997980518782e+00,-1.001234020383330980e+00,-4.668542950317277063e-01
2.198743499457071593e+00,-1.227074665150752475e+00,-4.667171694099084833e-01
2.065364788261786266e+00,-1.438476461862311817e+00,-4.569459780312900010e-01
1.911466056206905462e+00,-1.636732486114951479e+00,-4.437322789407406320e-01
1.738282135377260618e+00,-1.823230413904834757e+00,-4.331835387462820153e-01
1.546927511241526609e+00,-1.999105027284721503e+00,-4.289054110822166921e-01
1.338452764223659663e+00,-2.164834447521854166e+00,-4.303322971461059909e-01
1.113929749684389403e+00,-2.319855887277686435e+00,-4.326405566597887331e-01
8.745540882533032745e-01,-2.462321695629768215e+00,-4.286560240849556225e-01
6.217523384181947721e-01,-2.589104886624504331e+00,-4.122926960667118168e-01
3.572832758704571621e-01,-2.696068401182721175e+00,-3.819475131444295402e-01
8.332614346910394154e-02,-2.778473905787715914e+00,-3.417047715485966863e-01
-1.974497663957988092e-01,-2.831331239355106888e+00,-2.990239651241114460e-01
-4.818414110459490196e-01,-2.849569358693026189e+00,-2.597375354836205519e-01
-7.661043006578809322e-01,-2.828119935510530425e+00,-2.233757192409317194e-01
-1.045992364463924185e+00,-2.762189247629866173e+00,-1.823470702733561988e-01
-1.316854516597606883e+00,-2.647960898757641957e+00,-1.264901584730796780e-01
-1.573792565307685853e+00,-2.483674679282223963e+00,-5.085934749279377720e-02
-1.811885184193250398e+00,-2.270670973055036512e+00,3.838173999741453790e-02
-2.026483137813828606e+00,-2.013879683715829927e+00,1.250466526324583716e-01
-2.212544822674871625e+00,-1.700384903624948985e+00,4.561411262073090667e-01
-2.365902008122661826e+00,-1.363309822550016870e+00,4.744506172818415690e-01
-2.484890529635151779e+00,-1.016704478819727919e+00,4.564990057475125651e-01
-2.569267195101667234e+00,-6.727675518227319573e-01,4.342767090597970947e-01
-2.619822040759054005e+00,-3.408727474295416005e-01,4.089881237827154292e-01
-2.638074357503572109e+00,-2.715451706794007325e-02,3.816446807973460364e-01
-2.625997968372961289e+00,2.651628527281866821e-01,3.528860977879259009e-01
-2.585793607991321075e+00,5.349995214879895711e-01,3.215814170394349913e-01
-2.519723318320193250e+00,7.826007300557956681e-01,2.854426771178094624e-01
-2.430001254896763996e+00,1.008899449171692941e+00,2.425982030554888202e-01
-2.318727080188687673e+00,1.215121978938730640e+00,1.928357596143495944e-01
-2.187851498718088372e+00,1.402580532062088770e+00,1.378177434956267822e-01
-2.039168408908603070e+00,1.572557304763671615e+00,8.033576853146481844e-02
-1.874329864165993564e+00,1.726203538043691088e+00,2.316153657835226531e-02
-1.694879408130925080e+00,1.864419952546199744e+00,-3.189441084415026162e-02
-1.502298505531810990e+00,1.987723837422365802e+00,-8.434400514804454851e-02
-1.298060621842819673e+00,2.096129898154791782e+00,-1.347476584076946760e-01
-1.083687715851845423e+00,2.189074666402968106e+00,-1.840062087882376185e-01
-8.608041939268347154e-01,2.265402386399052670e+00,-2.325696480054208204e-01
-6.311840790473206564e-01,2.323413550387730009e+00,-2.799371219848235670e-01
-3.967886621232799005e-01,2.360967634084349065e+00,-3.246944975214641760e-01
-1.597935781066148753e-01,2.375635168181140955e+00,-3.650686983893375315e-01
7.739559502628989840e-02,2.364903927650702897e+00,-3.996899367423464300e-01
3.121425892445743866e-01,2.326443760649924641e+00,-4.281284798581151962e-01
5.416017842996290188e-01,2.258415762292434792e+00,-4.509116323181664443e-01
7.627705520019698593e-01,2.159784384729402262e+00,-4.690398764830226996e-01
9.725776437691768805e-01,2.030577153220782805e+00,-4.832999980536182294e-01
1.168003190930771762e+00,1.872047648055658930e+00,-4.937598827594565920e-01
1.346215323828043875e+00,1.686722292234943188e+00,-4.997120148499344383e-01
1.504702915532955654e+00,1.478326298295083552e+00,-5.000942814089742727e-01
1.641386284189534361e+00,1.251579323101255303e+00,-4.941519322546145121e-01
1.754694619386174548e+00,1.011850848035320771e+00,-4.819260989065635714e-01
1.843604688071814657e+00,7.647040671342127949e-01,-4.642203487121722150e-01
1.907638446708586510e+00,5.154251179469840904e-01,-4.420584431456769936e-01
1.946821358210514052e+00,2.686646542386428860e-01,-4.160490613255350967e-01
1.961610649225906888e+00,2.826434607233159479e-02,-3.861361530708055101e-01
1.952809045325184290e+00,-2.027558507202071314e-01,-3.518755709627799932e-01
1.921479231133996768e+00,-4.221294363987679321e-01,-3.129718249899201554e-01
1.868868229403621406e+00,-6.282583414216934559e-01,-2.696750063107390405e-01
1.796344634248909333e+00,-8.201272901823771777e-01,-2.228166521364417785e-01
1.705348874314152940e+00,-9.972025619855228173e-01,-1.735402497940771449e-01
1.597356796611214103e+00,-1.159300972497239401e+00,-1.229383965482827856e-01
1.473857399329498108e+00,-1.306432552830409266e+00,-7.179251944031253552e-02
1.336345046209095777e+00,-1.438635786517780568e+00,-2.050596589571287987e-02
1.186325077418417528e+00,-1.555829329391605009e+00,3.078188178068583247e-02
1.025330163077580181e+00,-1.657700287516055804e+00,8.197860314130420156e-02
8.549436050355552208e-01,-1.743640696762041253e+00,1.328236579817979324e-01
6.768252796221683187e-01,-1.812734896585883826e+00,1.827689916132538561e-01
4.927360232786879291e-01,-1.863794330283461642e+00,2.310035804312303431e-01
3.045568646063123719e-01,-1.895434592647396999e+00,2.766051400990815479e-01
1.143002821594747420e-01,-1.906190764717742292e+00,3.187445733589865382e-01
-7.588881214970055744e-02,-1.894666872190171825e+00,3.568463825792872468e-01
-2.637446031325094697e-01,-1.859709993330712630e+00,3.906342072333285342e-01
-4.469067345644124334e-01,-1.800590171746634605e+00,4.200517279542975713e-01
-6.229632987322684112e-01,-1.717159917665327606e+00,4.451111643326112199e-01
-7.895104425586547681e-01,-1.609968027626875520e+00,4.657506619960497529e-01
-9.442254327378971634e-01,-1.480312391796811733e+00,4.817661998891747954e-01
-1.084946387237058163e+00,-1.330229016910362327e+00,4.928383243615809262e-01
-1.209749308096270903e+00,-1.162421581532832926e+00,4.986272202641072182e-01
-1.317012956119053557e+00,-9.801358471044371301e-01,4.988822691429345424e-01
-1.405464698095140408e+00,-7.869837756599232792e-01,4.935092056518425307e-01
-1.474204430132943999e+00,-5.867318787844998385e-01,4.825581640109061210e-01
-1.522707256918888641e+00,-3.830843936371818859e-01,4.661400313747162683e-01
-1.550807868789728206e+00,-1.794996046641463283e-01,4.443331756167577806e-01
-1.558670657940432358e+00,2.093400156638110243e-02,4.171666107411010627e-01
-1.546750009593124142e+00,2.155593152045634509e-01,3.847214316873061035e-01
-1.515745180126798930e+00,4.021660414924282390e-01,3.472987253442408884e-01
-1.466553942396487509e+00,5.789777935276240184e-01,3.055344899032473860e-01
-1.400228888790579385e+00,7.446182986318311547e-01,2.603632318690455305e-01
-1.317939857089579059e+00,8.980547191428039921e-01,2.128288531738843081e-01
-1.220945156706584322e+00,1.038515623125771503e+00,1.638389393817004380e-01
-1.110573053656038534e+00,1.165388460455841324e+00,1.139895596857013194e-01
-9.882135262259759134e-01,1.278110217880857880e+00,6.354281541140491263e-02
-8.553189399599043785e-01,1.376069794505379251e+00,1.255735220692852372e-02
-7.134112300167736453e-01,1.458539571874544860e+00,-3.889941893967577280e-02
-5.640925120337219045e-01,1.524647708481115638e+00,-9.055956425372815866e-02
-4.090557903155940256e-01,1.573394591466686032e+00,-1.418683200697518354e-01
-2.500925704786227666e-01,1.603709611200293095e+00,-1.920338731663494836e-01
-8.909460889420484087e-02,1.614539827958966667e+00,-2.401777002147699458e-01
7.195243544049101381e-02,1.604960017183331145e+00,-2.855041698658783433e-01
2.309851695649836056e-01,1.574292433930400525e+00,-3.274068122761050192e-01
3.858896085927743247e-01,1.522223245481475251e+00,-3.654718730362943591e-01
5.345395276815343433e-01,1.448901508727070242e+00,-3.994007698594145284e-01
6.748447666132371126e-01,1.355007508066412347e+00,-4.289148770076397499e-01
8.048063227110773266e-01,1.241781011104588606e+00,-4.537058258428131596e-01
9.225733833333671363e-01,1.111005283940871058e+00,-4.734568555562300718e-01
1.026496735603990684e+00,9.649474694867715696e-01,-4.879116724251214565e-01
1.115173561532625035e+00,8.062597028076207151e-01,-4.969364500882714752e-01
1.187480124986072250e+00,6.378497498189118486e-01,-5.005254497464238783e-01
1.242590596339150366e+00,4.627360211514089383e-01,-4.987390100634147005e-01
1.279981791910973055e+00,2.839069457142622821e-01,-4.916128570893977257e-01
1.299424904270056969e+00,1.042040206617896453e-01,-4.791071839462307524e-01
1.300966451660688694e+00,-7.376038524391696771e-02,-4.611471521602698020e-01
1.284901568326822119e+00,-2.476506592459612466e-01,-4.377468632968276596e-01
1.251743183765322343e+00,-4.154281382770134701e-01,-4.091447542860652264e-01
1.202190560327656588e+00,-5.753503224915964553e-01,-3.758582252435661575e-01
1.137100226500723732e+00,-7.259505840296825996e-01,-3.386085193729658771e-01
1.057461697570351911e+00,-8.659967826276250280e-01,-2.981459163096192855e-01
9.643795440588871504e-01,-9.944295409931155350e-01,-2.550669520509504240e-01
8.590623596899849002e-01,-1.110287317581080346e+00,-2.097211456698008514e-01
7.428180940617281625e-01,-1.212631667970345051e+00,-1.622548698245484255e-01
6.170542357953459067e-01,-1.300488506562853752e+00,-1.127666951735594447e-01
4.832806452018623133e-01,-1.372818490881625886e+00,-6.149207153852845331e-02
3.431125493741642440e-01,-1.428523152430239529e+00,-8.923211315843421199e-03
1.982713200799854913e-01,-1.466485926821690322e+00,4.419316823676208705e-02
5.058103220292609059e-02,-1.485641510490773642e+00,9.697210948438592104e-02
-9.804075175678916843e-02,-1.485064085835932746e+00,1.485539385489527964e-01
-2.455991798348764465e-01,-1.464064067378656242e+00,1.982290630160531142e-01
-3.900462642891981968e-01,-1.422282619558542516e+00,2.454680510231693480e-01
-5.293136170273029517e-01,-1.359772836607588298e+00,2.898603321939344779e-01
-6.613536064856602170e-01,-1.277057174757677993e+00,3.310163076830247020e-01
-7.841873969398813760e-01,-1.175153567177755543e+00,3.685009928314383343e-01
-8.959566327949006759e-01,-1.055567120388760438e+00,4.018383921017613103e-01
-9.949741714000099879e-01,-9.202483799122608277e-01,4.305771486676616133e-01
-1.079768908432569008e+00,-7.715213943286515219e-01,4.543714564386317489e-01
-1.149120575681901402e+00,-6.119860585943081022e-01,4.730262658143357113e-01
-1.202082024336860622e+00,-4.444017859055532926e-01,4.864801792213125919e-01
-1.237988285986410419e+00,-2.715640932989257794e-01,4.947364651601259267e-01
-1.256453186945528211e+00,-9.618944153090873417e-02,4.977836891911903150e-01
-1.257355393526472520e+00,7.917718086226151197e-02,4.955573347134628603e-01
-1.240816559423499443e+00,2.522235553789629603e-01,4.879732791058967178e-01
-1.207174760773124023e+00,4.208997098945415627e-01,4.750185941437291559e-01
-1.156956616028403717e+00,5.834194431023219662e-01,4.568409648485339813e-01
-1.090851379097610208e+00,7.382379035504750275e-01,4.337685901745754746e-01
-1.009689845483684900e+00,8.840076001775328818e-01,4.062312775012441035e-01
-9.144300854336402384e-01,1.019515540259368747e+00,3.746190461850699149e-01
-8.061508270901411866e-01,1.143607950833928966e+00,3.391639306619350647e-01
-6.860519067164985163e-01,1.255114586170954061e+00,2.999293654730220693e-01
-5.554598746214465255e-01,1.352788520451970955e+00,2.569355430524592476e-01
-4.158359230598034362e-01,1.435276550672416329e+00,2.103669234796424481e-01
-2.687830022496935367e-01,1.501129154583776826e+00,1.607464919546214011e-01
-1.160493090182324050e-01,1.548849695557728223e+00,1.089623776204458883e-01
4.047396286834881174e-02,1.576974572796032481e+00,5.610687479479178896e-02
1.987619927787245278e-01,1.584172737794357078e+00,3.199653909446847910e-03
3.566737684619363247e-01,1.569354304568575165e+00,-4.905338164486142127e-02
5.119784560211171343e-01,1.531780323842814928e+00,-1.003246821914302311e-01
6.623915612096948902e-01,1.471165603910309150e+00,-1.505143378697965384e-01
8.056212229344452691e-01,1.387763629978726376e+00,-1.994769016482830504e-01
9.394235381969433529e-01,1.282420497884499744e+00,-2.467946132916100377e-01
1.061663648099472557e+00,1.156586657406888596e+00,-2.917362029993803008e-01
1.170377319444873887e+00,1.012281175879225392e+00,-3.334229050199343236e-01
1.263826979931486960e+00,8.520102417307010567e-01,-3.710929587262771223e-01
1.340546974700636884e+00,6.786472294646922476e-01,-4.042972983717919577e-01
1.399374625403078110e+00,4.952860886577335475e-01,-4.329092245212474710e-01
1.439465557650916105e+00,3.050842845722774865e-01,-4.569527340299625040e-01
1.460293263150017395e+00,1.111146911906500528e-01,-4.763667456195267436e-01
1.461634148716365988e+00,-8.375577410899041897e-02,-4.908590753687011032e-01
1.443540646271635364e+00,-2.769504157861499283e-01,-4.999487982468596714e-01
1.406306218501075289e+00,-4.662285562622072166e-01,-5.031816772986889008e-01
1.350426998449128613e+00,-6.496960013547338209e-01,-5.003931622470122464e-01
1.276565178847369975e+00,-8.257816867376704950e-01,-4.918513823626585735e-01
1.185519083087851921e+00,-9.931786636085285780e-01,-4.781694480604318231e-01
1.078204015137901761e+00,-1.150748627105459443e+00,-4.600062964512662278e-01
9.556463613066010776e-01,-1.297397155379786726e+00,-4.377079074016069216e-01
8.189910444918566679e-01,-1.431938970505650888e+00,-4.111014462659215996e-01
6.695197223607038950e-01,-1.552982690391595755e+00,-3.796020862734837964e-01
5.086748089097341552e-01,-1.658866059766003653e+00,-3.426352735689280893e-01
3.380832527493795592e-01,-1.747661698203341496e+00,-3.001818912271164708e-01
1.595744195961890100e-01,-1.817252622657973271e+00,-2.531312457834405949e-01
-2.481186046930372591e-02,-1.865456451283653339e+00,-2.031816475646880671e-01
-2.128288475422619452e-01,-1.890169714348951979e+00,-1.522721183387904242e-01
-4.020382019618773395e-01,-1.889513333281543916e+00,-1.018308885441047418e-01
-5.898368721133697701e-01,-1.861977451447224263e+00,-5.227964596992965007e-02
-7.734963274792419075e-01,-1.806571805624250127e+00,-3.106347057358821440e-03
-9.502161346245763252e-01,-1.722977963811004765e+00,4.652666249864520487e-02
-1.117193666085514403e+00,-1.611679885261578571e+00,9.701636689531309421e-02
-1.271708708583986658e+00,-1.474037505003046755e+00,1.478780723935909369e-01
-1.411216339547005427e+00,-1.312276549069523179e+00,1.978951944482457426e-01
-1.533436495872016581e+00,-1.129391521196098092e+00,2.457185492029861640e-01
-1.636427753154490405e+00,-9.289804899482893008e-01,2.904680415284514039e-01
-1.718637124558763718e+00,-7.150372868935265247e-01,3.319234331845234420e-01
-1.778924307031410246e+00,-4.917223198820137031e-01,3.702290815244805300e-01
-1.816563291374417632e+00,-2.631299569365863067e-01,4.053810362943107704e-01
-1.831224794002912271e+00,-3.307391903548777268e-02,4.368528800941174906e-01
-1.822941620244523664e+00,1.950847003205423147e-01,4.635682095498435684e-01
-1.792058927077917696e+00,4.185482196738393168e-01,4.842257438571760941e-01
-1.739173367606570375e+00,6.351270057616388298e-01,4.978316828303900321e-01
-1.665067897064496316e+00,8.432233686248798987e-01,5.041943117563886245e-01
-1.570650881242301233e+00,1.041760093436179480e+00,5.041095859342971108e-01
-1.456908314242993052e+00,1.230053045838958914e+00,4.990690275780690355e-01
-1.324876420586657000e+00,1.407626212677525634e+00,4.905464117832946114e-01
-1.175638885265544831e+00,1.573978325926025823e+00,4.791659120510044501e-01
-1.010348734346468769e+00,1.728331512394020164e+00,4.641918545014388497e-01
-8.302701512138617179e-01,1.869415155816532836e+00,4.437179073532629969e-01
-6.368315150030661176e-01,1.995347360012067695e+00,4.156405965427819593e-01
-4.316792258033050889e-01,2.103656748931097997e+00,3.790429849427096043e-01
-2.167231787551291422e-01,2.191437179954074832e+00,3.352138833872854162e-01
5.831922721595494963e-03,2.255572461795423589e+00,2.875272974315689067e-01
2.334719691006224007e-01,2.292949729657566493e+00,2.399894403427421385e-01
4.633765027984788620e-01,2.300621680589062024e+00,1.951562769343476444e-01
6.924407772188703181e-01,2.275952833775482631e+00,1.527001294855175606e-01
9.173201348213304573e-01,2.216830682235514161e+00,1.096603228694864318e-01
1.134502103915836946e+00,2.121991303498489856e+00,6.241242461693982668e-02
1.340411138670628777e+00,1.991412544440716692e+00,9.239755162495949525e-03
1.531545462941501956e+00,1.826635113524872400e+00,-4.815207430185100557e-02
1.704635147833741149e+00,1.630856079975218753e+00,-1.053225188671237655e-01
1.856799148541022904e+00,1.408718877214597986e+00,-1.577101236826453923e-01
1.985673070799874429e+00,1.165849446720189198e+00,-2.034128988161409135e-01
2.089484513446834502e+00,9.082833273642075822e-01,-2.440770856219575402e-01
2.167068178610151996e+00,6.419435898426310017e-01,-2.832920800622896751e-01
2.217830296404573964e+00,3.722673564733634533e-01,-3.238752916130930304e-01
2.241681848046858327e+00,1.039885194522137263e-01,-3.660112970783063746e-01
2.238959106616503547e+00,-1.589722946263060765e-01,-4.071297150212319638e-01
2.210341875013234869e+00,-4.135586184315799829e-01,-4.431176331591021311e-01
2.156771624811611332e+00,-6.575883129720364595e-01,-4.700137891394905454e-01
2.079368864207236989e+00,-8.897208823498027330e-01,-4.855105389887316436e-01
1.979351916627915431e+00,-1.109375686021382146e+00,-4.898296835127428084e-01
1.857964333280050395e+00,-1.316594075753084292e+00,-4.856948008401690275e-01
1.716421305130683805e+00,-1.511835805542691924e+00,-4.773414443222111503e-01
1.555884712787377167e+00,-1.695702636344371905e+00,-4.688368057387509724e-01
1.377472308795930633e+00,-1.868598212399655845e+00,-4.623019708763865809e-01
1.182300544934237641e+00,-2.030364519862735584e+00,-4.567943981435337308e-01
9.715543371813354367e-01,-2.179972270934437795e+00,-4.485089971676831100e-01
7.465722321195299438e-01,-2.315361697472665625e+00,-4.325062470530883774e-01
5.089337408405046892e-01,-2.433500741435393522e+00,-4.053861260973238290e-01
2.605376495412798921e-01,-2.530641304215234477e+00,-3.675228549531769362e-01
3.664097296436130691e-03,-2.602656045762246961e+00,-3.233107380750769311e-01
-2.589837801006307227e-01,-2.645309681167008264e+00,-2.788149256966551137e-01
-5.242622219910570980e-01,-2.654406721315504036e+00,-2.379232951529931805e-01
-7.885981045913961207e-01,-2.625914364383932664e+00,-1.994264127424446864e-01
-1.048035917264831918e+00,-2.556258103620312028e+00,-1.572983776401148115e-01
-1.298328513818566732e+00,-2.442916996157654452e+00,-1.046010332389971931e-01
-1.535079611872781635e+00,-2.285220346743045639e+00,-3.888379484853490831e-02
-1.753943633890771681e+00,-2.085030271080157149e+00,3.461490856275414862e-02
-1.950877297179531622e+00,-1.846966157654154950e+00,1.048598235132186252e-01
-2.122409035173521197e+00,-1.578017473439983442e+00,1.615528884528697195e-01
-2.265859530893364671e+00,-1.286660566518632587e+00,2.017941175937874865e-01
-2.379447561262777455e+00,-9.817781857409483282e-01,2.314371805826550277e-01
-2.462265190424350436e+00,-6.717021967074982003e-01,2.601530129056567331e-01
-2.514163771114455770e+00,-3.635721070148091871e-01,2.948025363372249741e-01
-2.535608619708724198e+00,-6.302151004793736522e-02,3.361224364800489139e-01
-2.527537028297875743e+00,2.258903948130226991e-01,3.796178321699369418e-01
-2.491226777208599863e+00,5.005727470996567119e-01,4.184994364505126851e-01
-2.428172450842891017e+00,7.596767184317200217e-01,4.466243116183460371e-01
-2.339970324691516446e+00,1.002825181909985153e+00,4.606405741080789040e-01
-2.228217650029846730e+00,1.230374004798445275e+00,4.610828529516436403e-01
-2.094434077063932698e+00,1.443225965441742309e+00,4.521782650578199947e-01
-1.940012324166156654e+00,1.642654301243609671e+00,4.403234455357772914e-01
-1.766202961682357797e+00,1.830069594030769187e+00,4.316645480549209379e-01
-1.575917680584489000e+00,1.976331076248084129e+00,-3.543011815840660383e-02
-1.371803832433317050e+00,2.101239215481230715e+00,-1.138210750423286621e-01
-1.156060376160031433e+00,2.207862697882078784e+00,-1.470412984585084681e-01
-9.305543533139883916e-01,2.296717264822185189e+00,-1.877829300400125911e-01
-6.971371737377440869e-01,2.366782464975938360e+00,-2.353587258341508781e-01
-4.577948972205645450e-01,2.416104823105769572e+00,-2.839223083780214596e-01
-2.147228431280325811e-01,2.442188592591352680e+00,-3.292795760096264290e-01
2.963771183614860583e-02,2.442306853934772093e+00,-3.689978360360309795e-01
2.725873592875698304e-01,2.413812574884090623e+00,-4.021910658797313021e-01
5.111815482547219514e-01,2.354481097410246804e+00,-4.292814700913388792e-01
7.422768450414107821e-01,2.262865724740915851e+00,-4.514120123909403093e-01
9.626178232943567448e-01,2.138613107825937831e+00,-4.696022255395863043e-01
1.168962733821766298e+00,1.982682633250101523e+00,-4.840460196922552472e-01
1.358233260925387542e+00,1.797438534689772771e+00,-4.939277756384764517e-01
1.527665217646274831e+00,1.586606808714774663e+00,-4.978720164215150179e-01
1.674937999521182608e+00,1.355088340606650510e+00,-4.947916375434512348e-01
1.798268469730980534e+00,1.108610478370502639e+00,-4.846173678365889304e-01
1.896462335341109195e+00,8.532291314989758346e-01,-4.683921487297030284e-01
1.968919446312416666e+00,5.947746937489543084e-01,-4.476298772407157900e-01
2.015593146317279150e+00,3.383965214573317337e-01,-4.234089351953659319e-01
2.036912343474447606e+00,8.832096323564526952e-02,-3.958669595689602305e-01
2.033684122967123642e+00,-1.521793721720998138e-01,-3.643974581403358615e-01
2.006996240107058682e+00,-3.806963724597844378e-01,-3.283023239809327309e-01
1.958131746517532523e+00,-5.955685219069232206e-01,-2.874014041184028700e-01
1.888499273992920280e+00,-7.957704920766454082e-01,-2.422519708124443449e-01
1.799578156747530411e+00,-9.808000174846026598e-01,-1.939573910240756371e-01
1.692877694397066257e+00,-1.150542590840896162e+00,-1.437707674054752582e-01
1.569911176431431299e+00,-1.305110134968992641e+00,-9.272976373591493293e-02
1.432185390209952391e+00,-1.444667780942611168e+00,-4.146782099603743554e-02
1.281205008445646998e+00,-1.569271519083299760e+00,9.762609648570869103e-03
1.118489455646011210e+00,-1.678738498793565848e+00,6.090237451603539021e-02
9.455984303642932520e-01,-1.772564849403036158e+00,1.118326872856652832e-01
7.641615243754957820e-01,-1.849896768678542580e+00,1.621721963642056286e-01
5.759073370934038039e-01,-1.909552810353981167e+00,2.112127821399053251e-01
3.826880400603551724e-01,-1.950091785806811417e+00,2.580193746104794128e-01
1.864962356952768463e-01,-1.969921730257153003e+00,3.016430017479433401e-01
-1.052831234704787455e-02,-1.967447100804254001e+00,3.413428412458568983e-01
-2.061043364446850656e-01,-1.941248313581489748e+00,3.767113112586127910e-01
-3.978296588390988209e-01,-1.890278225073679375e+00,4.076493955648697876e-01
-5.832192595331482377e-01,-1.814049303611359187e+00,4.342180772133116262e-01
-7.597620888674321282e-01,-1.712781450051762855e+00,4.564512846185618811e-01
-9.249949068134803998e-01,-1.587488005734347007e+00,4.742255146843302738e-01
-1.076587256251513525e+00,-1.439991904625444130e+00,4.872422046122107941e-01
-1.212427893184359950e+00,-1.272875046328078463e+00,4.951180869299872667e-01
-1.330701545999783741e+00,-1.089365662138814139e+00,4.975282520919773743e-01
-1.429946756479371084e+00,-8.931661907196738470e-01,4.943244477418983207e-01
-1.509089859527161126e+00,-6.882305626913362007e-01,4.855618313538155872e-01
-1.567454712906109160e+00,-4.785186410555388181e-01,4.714136458747998359e-01
-1.604750959947248257e+00,-2.677725210830407820e-01,4.520267242974779220e-01
-1.621045226648164084e+00,-5.935514134548840193e-02,4.274285872028497080e-01
-1.616720273137561614e+00,1.438349199080411478e-01,3.975797761488121251e-01
-1.592427119410110281e+00,3.393871874692047652e-01,3.625631134297390146e-01
-1.549034783185873509e+00,5.253665776058332737e-01,3.227879987719955990e-01
-1.487581804614024117e+00,7.002798504071562347e-01,2.790599702167736451e-01
-1.409233307957110215e+00,8.630221906762186590e-01,2.324503144940689159e-01
-1.315246741315608370e+00,1.012798721448919137e+00,1.840294861506589219e-01
-1.206948388251771087e+00,1.149020860465432170e+00,1.346068714175271130e-01
-1.085721311021833779e+00,1.271187744845391654e+00,8.460606508517085067e-02
-9.530038691883027102e-01,1.378771085192201928e+00,3.412516778698457265e-02
-8.102966600097272210e-01,1.471123799768636387e+00,-1.686008213204562289e-02
-6.591748078887171847e-01,1.547428491586351429e+00,-6.825305444710241809e-02
-5.013020472587912391e-01,1.606693586826129616e+00,-1.196653811519798050e-01
-3.384430105898401653e-01,1.647796113569609089e+00,-1.703910590674599101e-01
-1.724704921530693102e-01,1.669563598804340243e+00,-2.195264939999407583e-01
-5.365029131034093623e-03,1.670884413216676689e+00,-2.661672213858611302e-01
1.607953006122773143e-01,1.650834801787589567e+00,-3.095791731368350286e-01
3.238564785138773328e-01,1.608809733286189703e+00,-3.492655884669836341e-01
4.816224910075390664e-01,1.544643030828620089e+00,-3.849158873320234209e-01
6.319013204208163703e-01,1.458701626602650014e+00,-4.162896794245308785e-01
7.725607221592494245e-01,1.351941141990193662e+00,-4.431178355593782259e-01
9.015893320511327858e-01,1.225915164226438980e+00,-4.650800212781894816e-01
1.017157126174409898e+00,1.082736234921741092e+00,-4.818628846787308406e-01
1.117669144363512501e+00,9.249908359955741899e-01,-4.932501794947060647e-01
1.201807666620727133e+00,7.556145784845219593e-01,-4.991759037695163714e-01
1.268559974728034279e+00,5.777398547841111620e-01,-4.996958524659201872e-01
1.317230678979357972e+00,3.945358840823869895e-01,-4.948897196388141184e-01
1.347439106385904140e+00,2.090650128360083682e-01,-4.847614984073206346e-01
1.359103583093326240e+00,2.417395320272126835e-02,-4.692201322398165120e-01
1.352415617196083719e+00,-1.575741819420867773e-01,-4.481761184202542880e-01
1.327807740426098393e+00,-3.339332080712724138e-01,-4.217078826152774740e-01
1.285918909883965178e+00,-5.029822557983082421e-01,-3.901925272709095838e-01
1.227561021825414933e+00,-6.631140997735159859e-01,-3.543065040731835369e-01
1.153689488065397839e+00,-8.130020750943814933e-01,-3.148790009035283832e-01
1.065380069771123761e+00,-9.515432611445221456e-01,-2.726713028028530106e-01
9.638132174090059401e-01,-1.077781128212473627e+00,-2.281995435319334187e-01
8.502660398510925033e-01,-1.190818958938495209e+00,-1.816927536644473984e-01
7.261108668292450830e-01,-1.289740983206670188e+00,-1.332041742158242281e-01
5.928183976035648062e-01,-1.373558280750348581e+00,-8.281518052223649229e-02
4.519628310264955928e-01,-1.441191179954351975e+00,-3.082728194391851084e-02
3.052262293620089384e-01,-1.491491620628795589e+00,2.215224232895249279e-02
1.543996291967577594e-01,-1.523301175676140540e+00,7.526806353370116276e-02
1.378900934974724990e-03,-1.535535596609874043e+00,1.275800608465072761e-01
-1.518461631872936035e-01,-1.527285045268124586e+00,1.782424121791902072e-01
-3.032107382563007381e-01,-1.497918922911789297e+00,2.266085540337055837e-01
-4.506028071015817371e-01,-1.447183846098990978e+00,2.722220317145297441e-01
-5.919004468333974867e-01,-1.375283063292526586e+00,3.147216152555952773e-01
-7.250179714393414354e-01,-1.282927022017777086e+00,3.537337809932620258e-01
-8.479586178680877939e-01,-1.171348682759168591e+00,3.888220380341164129e-01
-9.588695993961457997e-01,-1.042282152740005907e+00,4.195180558006182947e-01
-1.056094172940246656e+00,-8.979068385268008656e-01,4.454061127172462831e-01
-1.138215494948440432e+00,-7.407608084796369896e-01,4.662030884050477608e-01
-1.204088423591757051e+00,-5.736284700644366241e-01,4.817840824630320595e-01
-1.252857406651449290e+00,-3.994115305824658679e-01,4.921386139173290486e-01
-1.283960447634553192e+00,-2.209977880917117221e-01,4.972835662401945411e-01
-1.297120533955186561e+00,-4.114520781968004914e-02,4.971870319570922403e-01
-1.292326885836011963e+00,1.376047177555468903e-01,4.917565246056437855e-01
-1.269809061035428899e+00,3.129787668900723685e-01,4.809094521396514166e-01
-1.230007351443562991e+00,4.829912466397486281e-01,4.646880414547877036e-01
-1.173543011334693853e+00,6.459358659945965142e-01,4.433412943308451259e-01
-1.101191647331590362e+00,8.003537596960369482e-01,4.173065689673148837e-01
-1.013862535649291852e+00,9.449793338057971281e-01,3.870835575286716290e-01
-9.125856614044816073e-01,1.078667185957218555e+00,3.530665184263267475e-01
-7.985069402175686282e-01,1.200308648614745399e+00,3.154381115760881427e-01
-6.728905970151857208e-01,1.308752594979388340e+00,2.742035322537671460e-01
-5.371263775854340228e-01,1.402748101270174574e+00,2.293672375296463561e-01
-3.927384752990155103e-01,1.480923770558217223e+00,1.811667947243716659e-01
-2.413929276757043052e-01,1.541810321954361518e+00,1.302301208269430466e-01
-8.490069703308900095e-02,1.583902920231364364e+00,7.754953339851308747e-02
7.478559251861205404e-02,1.605752449453399455e+00,2.426441424526867841e-02
2.355826085097143530e-01,1.606073253373555110e+00,-2.863883289041271873e-02
3.952959678158485257e-01,1.583857256191934182e+00,-8.054103100400769599e-02
5.516495914205366002e-01,1.538486512528821626e+00,-1.311939351164951584e-01
7.023256133186712713e-01,1.469835146065468612e+00,-1.805145759302170527e-01
8.450148448783660893e-01,1.378348532797014192e+00,-2.283002623258358066e-01
9.774759403932911095e-01,1.265086428561341014e+00,-2.740424481590270078e-01
1.097599035491748198e+00,1.131720119405409397e+00,-3.169534806227495283e-01
1.203467846549887366e+00,9.804803730122769734e-01,-3.561842101475686251e-01
1.293413987245197294e+00,8.140597445717271397e-01,-3.910899779802764487e-01
1.366058611743417694e+00,6.354780942120611398e-01,-4.213758888831452554e-01
1.420338569747755741e+00,4.479250960395100845e-01,-4.470349663579870070e-01
1.455516145949850904e+00,2.545985416699208526e-01,-4.681268196665807624e-01
1.471172920254446348e+00,5.855945177864348150e-02,-4.845430537601816967e-01
1.467189606807537849e+00,-1.373792856494732706e-01,-4.959125082053620348e-01
1.443715057841039595e+00,-3.307238534084417370e-01,-5.017150468363925642e-01
1.401128733770428791e+00,-5.193320965298583447e-01,-5.015453359013807288e-01
1.340001580748275467e+00,-7.014121738705157982e-01,-4.953693922374259317e-01
1.261060367690621797e+00,-8.754880208347463055e-01,-4.836068594287229461e-01
1.165160127930375156e+00,-1.040329025039948840e+00,-4.669631314492522778e-01
1.053268308713850132e+00,-1.194844193261149323e+00,-4.460799148070268005e-01
9.264624162294592402e-01,-1.337951009448714368e+00,-4.211909095988889407e-01
7.859404719486654534e-01,-1.468441774822001777e+00,-3.919942312965335462e-01
6.330409753664744121e-01,-1.584878650430247449e+00,-3.578613867563166240e-01
4.692670650915895525e-01,-1.685546715881424129e+00,-3.183237260476207142e-01
2.963088684863735001e-01,-1.768479949673957607e+00,-2.735937970134233455e-01
1.160588435563589815e-01,-1.831553148508686002e+00,-2.248048601345306319e-01
-6.938319381810376107e-02,-1.872615093979370871e+00,-1.737687622273586252e-01
-2.577166140702729091e-01,-1.889635662198558608e+00,-1.223284149134872545e-01
-4.464581000861576054e-01,-1.880852299735634725e+00,-7.165307138851520485e-02
-6.329714666832531034e-01,-1.844916761521245840e+00,-2.189706608114252995e-02
-8.145104403700262896e-01,-1.781045989380951378e+00,2.756019437515075388e-02
-9.882765959096098118e-01,-1.689167688135960299e+00,7.743664105960132438e-02
-1.151493599131643952e+00,-1.570033314734075924e+00,1.278584929730851305e-01
-1.301494962172382808e+00,-1.425265856044257484e+00,1.780928386108609762e-01
-1.435816916820208400e+00,-1.257323565998085479e+00,2.268481974619572517e-01
-1.552284066159655529e+00,-1.069383903321773355e+00,2.728983356802626714e-01
-1.649076261432624202e+00,-8.651678083694155363e-01,3.155750420096080644e-01
-1.724770520118387163e+00,-6.487265231766717877e-01,3.548101156792665689e-01
-1.778358042021613850e+00,-4.242095004830572225e-01,3.907608437697359660e-01
-1.809239620836029738e+00,-1.956332389010546069e-01,4.233230917708777907e-01
-1.817202522280835675e+00,3.332351713796717629e-02,4.518472438419348647e-01
-1.802380868713808981e+00,2.594729334475934235e-01,4.752072982148786151e-01
-1.765202198331653038e+00,4.802055301094421691e-01,4.921907920802749414e-01
-1.706325185811507383e+00,6.935128114775092056e-01,5.020365302483565939e-01
-1.626575929197741077e+00,8.979529690019897314e-01,5.048564359066273211e-01
-1.526891404584280076e+00,1.092563689164330887e+00,5.016851020945364281e-01
-1.408278270337731231e+00,1.276719892045013571e+00,4.940498614821063894e-01
-1.271793235837758163e+00,1.449936385025589081e+00,4.831999756762809239e-01
-1.118547868004231782e+00,1.611630027494173723e+00,4.693533252512435139e-01
-9.497363641235676557e-01,1.760878693914764481e+00,4.513933419578489703e-01
-7.666803074927017736e-01,1.896233950228294551e+00,4.273105046553408171e-01
-5.708811154440065483e-01,2.015645480190576766e+00,3.953311382104186533e-01
-3.640701456942887493e-01,2.116525934733896275e+00,3.552227295967068654e-01
-1.482484718153760372e-01,2.195931210446009807e+00,3.089764039442240984e-01
7.428823921072580383e-02,2.250785014335820122e+00,2.602530640768055958e-01
3.009415193416951073e-01,2.278076515143073077e+00,2.126873358268060732e-01
5.288193584920299894e-01,2.275013876762804088e+00,1.679656360781539293e-01
7.547647234212309098e-01,2.239184572454099964e+00,1.249120172767169412e-01
9.754073937950831219e-01,2.168795383115329045e+00,8.030612119818666961e-02
1.187244747467005590e+00,2.063011921570339524e+00,3.108208726646463638e-02
1.386755124554786889e+00,1.922321317366664450e+00,-2.340749291059043835e-02
1.570540073507658674e+00,1.748774398135670927e+00,-8.057427064642755377e-02
1.735480697648473791e+00,1.545980453150157308e+00,-1.359188313233633816e-01
1.878883601403633197e+00,1.318822227913017064e+00,-1.857337591342950456e-01
1.998590000063037442e+00,1.072971053957233911e+00,-2.292907412232213782e-01
2.093030544044837349e+00,8.143464698854127048e-01,-2.688938075515504567e-01
2.161224386863951352e+00,5.486534163959059240e-01,-3.078728124393467214e-01
2.202735211319614805e+00,2.810624109806132975e-01,-3.481471399045236170e-01
2.217602576707011330e+00,1.602386468958434673e-02,-3.889689875007685815e-01
2.206263590082873982e+00,-2.428277278778329662e-01,-4.272628454854486835e-01
2.169472244587089094e+00,-4.927150388695304417e-01,-4.589941754655387784e-01
2.108217827660074928e+00,-7.317162831395674916e-01,-4.807939771037129661e-01
2.023643007468043820e+00,-9.587187219277401029e-01,-4.912554564288856840e-01
1.916965737549155557e+00,-1.173321140071493796e+00,-4.915064732519286439e-01
1.789413420518011444e+00,-1.375676169270557248e+00,-4.848385674017922087e-01
1.642179521086087668e+00,-1.566262379883559541e+00,-4.754500100087258874e-01
1.476410848401818576e+00,-1.745584402431305415e+00,-4.667029156847962712e-01
1.293228869449386531e+00,-1.913821789310241828e+00,-4.595624811700221857e-01
1.093782248443426974e+00,-2.070481476310429336e+00,-4.519539729314320242e-01
8.793219344314713304e-01,-2.214140593020765380e+00,-4.395466426565991513e-01
6.512862960185734629e-01,-2.342368909388198972e+00,-4.178913165933312301e-01
4.113835405855066352e-01,-2.451868367921644420e+00,-3.850123127185131056e-01
1.616617194753733333e-01,-2.538771403705811558e+00,-3.429495658139930514e-01
-9.543941627031027330e-02,-2.598962456054572101e+00,-2.969978786040573526e-01
-3.570581092927544997e-01,-2.628302275493639151e+00,-2.526777797556053473e-01
-6.199052543328218423e-01,-2.622754534007949445e+00,-2.121047316872878563e-01
-8.802891485110493353e-01,-2.578556615621398151e+00,-1.722133418679706873e-01
-1.134177619212875632e+00,-2.492614019341944598e+00,-1.264516813947668405e-01
-1.377305999369498712e+00,-2.363163875599186170e+00,-6.937158032863979806e-02
-1.605338604093806021e+00,-2.190522977133902316e+00,-1.316464601662264977e-03
-1.814085700314616689e+00,-1.977588325052535234e+00,7.026477023506569330e-02
-1.999760021144565636e+00,-1.729820550579369121e+00,1.345582692847767381e-01
-2.159225574648859336e+00,-1.454668725638123883e+00,1.841438283314385804e-01
-2.290170745958367782e+00,-1.160627943879943169e+00,2.196994758132245484e-01
-2.391159492382157303e+00,-8.562316737768737029e-01,2.487604060084532553e-01
-2.461570007884012590e+00,-5.492398578097931194e-01,2.798977050353482765e-01
-2.501470900865951030e+00,-2.461370391126733170e-01,3.173813796675898358e-01
-2.511482451735452592e+00,4.808707391266671405e-02,3.596894541027165770e-01
-2.492643923197195299e+00,3.299468144369315792e-01,4.013177906743931045e-01
-2.446288517493008463e+00,5.973151877966901280e-01,4.357013068799443500e-01
-2.373924769760216158e+00,8.491853181233749437e-01,4.577943828981955177e-01
-2.277127835106800724e+00,1.085418754936231300e+00,4.657999279854817543e-01
-2.157447641068598543e+00,1.306536117879229186e+00,4.617746133836061473e-01
-2.016341575164375399e+00,1.513542668547189995e+00,4.509018008490340845e-01
-1.855138153853307381e+00,1.707733156452901246e+00,4.395722732207713035e-01
-1.675035470750445343e+00,1.890418784254005891e+00,4.328879169905189839e-01
-1.477134572843121996e+00,2.062558959304244155e+00,4.324928896552461266e-01
-1.262503758901829309e+00,2.224342553789352195e+00,4.356391620558238698e-01
-1.032265649247811057e+00,2.374825698680997910e+00,4.361160474408291021e-01
-7.876961114168186118e-01,2.511760823321613323e+00,4.270363772618094300e-01
-5.303247939611248629e-01,2.631701970504302324e+00,4.044469932514073163e-01
-2.620308451560948715e-01,2.730340009880384500e+00,3.697773442695319046e-01
1.486994233482064054e-02,2.802888073953948123e+00,3.292201710715855212e-01
2.975526499189296015e-01,2.844326933869813168e+00,2.897819376296303373e-01
5.826372915506998762e-01,2.849482300767985699e+00,2.541147590123625788e-01
8.661861766681011598e-01,2.813140955100990048e+00,2.176218481859447385e-01
1.143762109901332868e+00,2.730519113782705176e+00,1.704762335511408045e-01
1.410559283613650683e+00,2.598225419978541950e+00,1.042387497852591272e-01
1.661607443749856250e+00,2.415480907761734741e+00,1.929847895640332545e-02
1.892039754397142781e+00,2.185058713743845971e+00,-7.224980276013073799e-02
2.097407420831861380e+00,1.913444102551876247e+00,-1.517174190319369453e-01
2.272992741944249495e+00,1.591489892934161210e+00,-4.664931058479427906e-01
2.415271807160673134e+00,1.250127691049255807e+00,-4.796987669717199809e-01
2.522917721285364401e+00,9.033280494242513781e-01,-4.556174354957366335e-01
2.596022667889838154e+00,5.624028162495146033e-01,-4.298049317151014792e-01
2.635666097005948671e+00,2.355560851424003954e-01,-4.036077921500133003e-01
2.643568629819486482e+00,-7.203416613929840284e-02,-3.754564088839745795e-01
2.621812552429774623e+00,-3.577080475724125352e-01,-3.440004858264532617e-01
2.572641174097271666e+00,-6.206640538453794820e-01,-3.081668056427676605e-01
2.498323174239992284e+00,-8.613265356667040296e-01,-2.672524223013371669e-01
2.401059188938245992e+00,-1.080820718251717105e+00,-2.211893611730789966e-01
2.282919052271287441e+00,-1.280583596807233215e+00,-1.707559597360532033e-01
2.145808619080854740e+00,-1.462099712978151667e+00,-1.174618820303809097e-01
1.991466650586568576e+00,-1.626723741180636340e+00,-6.307394582878092515e-02
1.821488557450973600e+00,-1.775549270311888472e+00,-9.032910523534415370e-03
1.637370162305935573e+00,-1.909300402613517855e+00,4.391807890300011841e-02
1.440563326692906987e+00,-2.028243538937555712e+00,9.571994795970337200e-02
1.232535937629017031e+00,-2.132127819146711900e+00,1.466447305230456910e-01
1.014830170421623379e+00,-2.220161067800361820e+00,1.968070028694580420e-01
7.891144548006030490e-01,-2.291020599208643205e+00,2.457874271297864899e-01
5.572262159680085869e-01,-2.342896152966448042e+00,2.925520348271203330e-01
3.212041522084561063e-01,-2.373571611423145100e+00,3.357087328474887000e-01
8.330964570251864210e-02,-2.380565944328408179e+00,3.739749110741666938e-01
-1.539641786088308262e-01,-2.361355179328786136e+00,4.066179286992576136e-01
-3.879000572832345117e-01,-2.313674857125858964e+00,4.336414620847958146e-01
-6.155878475239122682e-01,-2.235864736957219989e+00,4.556217449814096154e-01
-8.339864623744472905e-01,-2.127189140943899659e+00,4.732753821199037203e-01
-1.040019439700392345e+00,-1.988068300675051470e+00,4.869764187467734429e-01
-1.230699407887670960e+00,-1.820187099300073053e+00,4.964729637762229641e-01
-1.403267585737770551e+00,-1.626483064036359005e+00,5.009631027021396177e-01
-1.555327543137495327e+00,-1.411026311122056009e+00,4.995095180886249819e-01
-1.684951810426298602e+00,-1.178786507762686009e+00,4.915817102667386918e-01
-1.790746811923694226e+00,-9.352721095373671689e-01,4.774119140713065645e-01
-1.871872102625650180e+00,-6.860673174623973525e-01,4.579227536446762725e-01
-1.928018410128209625e+00,-4.363655504826288722e-01,4.342396571696366392e-01
-1.959353755376628259e+00,-1.906279889462771382e-01,4.070903585579469519e-01
-1.966449345744951893e+00,4.756251775202342824e-02,3.764881312582514239e-01
-1.950197328079110060e+00,2.754795725005488305e-01,3.419015875731002962e-01
-1.911730242642400990e+00,4.911465357644358432e-01,3.027783295630211979e-01
-1.852348299463885128e+00,6.932158103190139142e-01,2.590705282076680716e-01
-1.773457719086933837e+00,8.808593681129525121e-01,2.114529665988083840e-01
-1.676522191844903142e+00,1.053661036538309892e+00,1.611543674122895842e-01
-1.563029072223186988e+00,1.211493806062647449e+00,1.095492101901623661e-01
-1.434471150767293368e+00,1.354377150574965105e+00,5.774698290079069429e-02
-1.292343534182253117e+00,1.482324856709226202e+00,6.365673641293451146e-03
-1.138153711552894132e+00,1.595203589128316279e+00,-4.444218413997194639e-02
-9.734416588098604439e-01,1.692623908368486196e+00,-9.475941765996256927e-02
-7.998059709604785628e-01,1.773880138566772180e+00,-1.445947612938570936e-01
-6.189315777573194399e-01,1.837946433009818747e+00,-1.936392818738116584e-01
-4.326146945661861754e-01,1.883527438682024213e+00,-2.411966968567799408e-01
-2.427812699610674141e-01,1.909156311224551539e+00,-2.863120887098818956e-01
-5.149599153423101150e-02,1.913330948449934565e+00,-3.280262481011685383e-01
1.390405830421028721e-01,1.894678397955988691e+00,-3.656209686381465263e-01
3.265091434294327133e-01,1.852134081250527364e+00,-3.987322934080045345e-01
5.085052154028797400e-01,1.785116744187087212e+00,-4.272889942292951160e-01
6.825902525318638947e-01,1.693676047339170543e+00,-4.513319735332591565e-01
8.463585140340121882e-01,1.578591862480345887e+00,-4.708272052823448961e-01
9.975143426647439249e-01,1.441412375115397770e+00,-4.855735057692626144e-01
1.133951503118435955e+00,1.284426738132125712e+00,-4.952431722096096722e-01
1.253825528624557650e+00,1.110572681773960957e+00,-4.995163549704858541e-01
1.355611736832819325e+00,9.232823616806199452e-01,-4.982161270541168863e-01
1.438144446199703719e+00,7.262781557910126251e-01,-4.913498837402779928e-01
1.500635505442986073e+00,5.233460924492802091e-01,-4.790259827094064393e-01
1.542672231465728405e+00,3.181273821426662818e-01,-4.613131954457944106e-01
1.564196815218401593e+00,1.139634393824662945e-01,-4.381707688902710673e-01
1.565471318434781489e+00,-8.619392484081360439e-02,-4.095356095203658287e-01
1.547033770573710498e+00,-2.798205122862393313e-01,-3.755295298570234808e-01
1.509650942692797315e+00,-4.648274720998559206e-01,-3.366430888013854927e-01
1.454272444798778707e+00,-6.395500996704300833e-01,-2.937545427507944895e-01
1.381989670407893556e+00,-8.027145645038499255e-01,-2.479514178667062974e-01
1.294002200453512552e+00,-9.533745937906924484e-01,-2.002500580127818675e-01
1.191593431882009613e+00,-1.090817403691603404e+00,-1.513638450343225694e-01
1.076116170447061426e+00,-1.214450312758563522e+00,-1.016307245268751880e-01
9.489877171029441616e-01,-1.323688074455670938e+00,-5.111855774188459045e-02
8.116927861680041101e-01,-1.417862108709521118e+00,1.581861342668522408e-04
6.657916564580925733e-01,-1.496167325857946873e+00,5.201826091408431885e-02
5.129304315952125659e-01,-1.557653458141633473e+00,1.039873638762028596e-01
3.548502232775356813e-01,-1.601259467554611904e+00,1.553121765705637036e-01
1.933923981879634990e-01,-1.625884186133192744e+00,2.050940784062430244e-01
3.049754658271974783e-02,-1.630484077750774086e+00,2.524691078960711321e-01
-1.318036979822030386e-01,-1.614188062635034671e+00,2.967470374378348152e-01
-2.914095228332989063e-01,-1.576417741562920805e+00,3.374533430157339309e-01
-4.461766276267524756e-01,-1.516999081216019230e+00,3.742746108207722910e-01
-5.939610503314767254e-01,-1.436250807672378338e+00,4.069574563327716943e-01
-7.326688832590944056e-01,-1.335037493617825755e+00,4.352263626722486789e-01
-8.603135457836581512e-01,-1.214781193319778518e+00,4.587626590374992430e-01
-9.750743548436233699e-01,-1.077431467432324874e+00,4.772442625984137932e-01
-1.075350257659855702e+00,-9.253969760829293678e-01,4.904112928893863410e-01
-1.159803249818749160e+00,-7.614430196174383214e-01,4.981134226878322080e-01
-1.227387909982081249e+00,-5.885618841228393849e-01,5.003102919534069271e-01
-1.277365796233569606e+00,-4.098286153891274597e-01,4.970253980571993635e-01
-1.309305392311561400e+00,-2.282608941074679154e-01,4.882840187402263110e-01
-1.323069580793490241e+00,-4.670214942732202335e-02,4.740827520609468548e-01
-1.318793366100994513e+00,1.322603491292378419e-01,4.544266679893479433e-01
-1.296854962418449775e+00,3.063414044557697946e-01,4.294269605381896282e-01
-1.257843519593006443e+00,4.735736675103135451e-01,3.994016650351380759e-01
-1.202526738925530525e+00,6.322991569325430161e-01,3.649045489065895209e-01
-1.131821408798415307e+00,7.811387722062902439e-01,3.266435052223312097e-01
-1.046769369929237969e+00,9.189402120191710877e-01,2.853186101055013024e-01
-9.485205334805064670e-01,1.044707405782960619e+00,2.414640339465801977e-01
-8.383234036874231965e-01,1.157520346636885966e+00,1.953811729928201790e-01
-7.175223268218637873e-01,1.256459406021628977e+00,1.472020772474234851e-01
-5.875596560930340662e-01,1.340549657857070143e+00,9.705222756895434677e-02
-4.499803621344196092e-01,1.408737407690872745e+00,4.522856821749141054e-02
-3.064363851642883940e-01,1.459904311805708454e+00,-7.699936624765119086e-03
-1.586881621996532044e-01,1.492916984286967397e+00,-6.092103817971508684e-02
-8.601132056642812884e-03,1.506704519604806558e+00,-1.135192732625089074e-01
1.418645501380775276e-01,1.500353892676456580e+00,-1.646492483294725029e-01
2.906724762610191082e-01,1.473212681161876203e+00,-2.136492734397112125e-01
4.357376111788309192e-01,1.424988268824238125e+00,-2.600428733845322471e-01
5.749633888653911118e-01,1.355832110413235148e+00,-3.034460666713317822e-01
7.062873902040787133e-01,1.266397855542622741e+00,-3.434540757517537957e-01
8.277330650567222836e-01,1.157864412365027240e+00,-3.795879365483908474e-01
9.374633623145502970e-01,1.031919234105202809e+00,-4.113371085629263790e-01
1.033831275236212655e+00,8.907018028586309866e-01,-4.382685245452871969e-01
1.115422590099999223e+00,7.367114848076442568e-01,-4.601275072116141063e-01
1.181087354029875858e+00,5.726881601109584663e-01,-4.768595738653697014e-01
1.229958189012556158e+00,4.014789427639796071e-01,-4.885319283484764741e-01
1.261455119278678705e+00,2.259083817595486932e-01,-4.951988731823578904e-01
1.275277932618525067e+00,4.866935682611546465e-02,-4.967959373598535011e-01
1.271388284319849626e+00,-1.277542666100279223e-01,-4.931358635484076602e-01
1.249984675255339406e+00,-3.011313978148210668e-01,-4.840188333591771697e-01
1.211473915275561808e+00,-4.694987656289201783e-01,-4.693948244874138753e-01
1.156442670968722330e+00,-6.311529242717918153e-01,-4.494761656249269821e-01
1.085632302997582954e+00,-7.846216214743081396e-01,-4.247222438685912538e-01
9.999195262066211676e-01,-9.286144660355627467e-01,-3.956937512420185543e-01
9.003044776789836945e-01,-1.061954754974678616e+00,-3.628547248867067809e-01
7.879065485270903002e-01,-1.183500323066414284e+00,-3.264377236436050156e-01
6.639669518517179458e-01,-1.292067889259122859e+00,-2.864583380874395901e-01
5.298557444271143613e-01,-1.386378464333832605e+00,-2.428844007731686683e-01
3.870802187939066386e-01,-1.465038526261228435e+00,-1.958750802372765387e-01
2.372914444108893406e-01,-1.526563496718886137e+00,-1.459558454012227779e-01
8.228623731813544673e-02,-1.569440145803595366e+00,-9.402065592861422183e-02
-7.599729511892872047e-02,-1.592217456444568358e+00,-4.114651300227936681e-02
-2.354916723538289514e-01,-1.593613584472259648e+00,1.168346156275643088e-02
-3.940200534230415830e-01,-1.572628314588875975e+00,6.379391401844966558e-02
-5.493250316048599036e-01,-1.528652006166334454e+00,1.148495856052587916e-01
-6.991070258165350548e-01,-1.461561188304543402e+00,1.646980703873051899e-01
-8.410726069294496288e-01,-1.371789241020920480e+00,2.131291874716322032e-01
-9.729915410020633093e-01,-1.260361475879884674e+00,2.597012211073871368e-01
-1.092758954553694872e+00,-1.128888784741251650e+00,3.037321701243439476e-01
-1.198456894222189595e+00,-9.795202828609533841e-01,3.444446288164567660e-01
-1.288408875964855094e+00,-8.148591678284750062e-01,3.811613814570290470e-01
-1.361222190435880330e+00,-6.378467417996224187e-01,4.134324020191922910e-01
-1.415814982084542928e+00,-4.516208512043037859e-01,4.410317496663890280e-01
-1.451427240631422366e+00,-2.593602176144289007e-01,4.638458365802006211e-01
-1.467616249712542009e+00,-6.413314095909165846e-02,4.817326225796091377e-01
-1.464238037224283362e+00,1.312285322285776101e-01,4.944434947721799700e-01
-1.441417490808007296e+00,3.242150721292114679e-01,5.016655382167652943e-01
-1.399511095512864012e+00,5.126793693725256729e-01,5.031709777285539031e-01
-1.339067326720879025e+00,6.948350386668237233e-01,4.989828323298536317e-01
-1.260790185298092725e+00,8.692162008530582851e-01,4.894325386988310767e-01
-1.165510999211232468e+00,1.034601244411129661e+00,4.750332386746504154e-01
-1.054172384806488560e+00,1.189903857351349847e+00,4.562052971655984335e-01
-9.278262079211547775e-01,1.334041470997604284e+00,4.330030548713378336e-01
-7.876447521113523198e-01,1.465801974650978279e+00,4.050313564513697839e-01
-6.349416206604383550e-01,1.583738222831030162e+00,3.716687448127541371e-01
-4.711969181177979582e-01,1.686119539097622466e+00,3.325477924302572275e-01
-2.980806348002762451e-01,1.770956309057013955e+00,2.880578671703400984e-01
-1.174690558887621084e-01,1.836091552805595883e+00,2.395500853256418983e-01
6.854908707395757084e-02,1.879333946231310781e+00,1.890354924539242309e-01
2.576780635782405238e-01,1.898602942754388456e+00,1.384572696765954125e-01
4.474324314044133555e-01,1.892070647023108121e+00,8.891659771172907845e-02
6.351665446454461961e-01,1.858304101861019353e+00,4.031925599479344036e-02
8.181176682098454389e-01,1.796417566615313488e+00,-8.309707434978857998e-03
9.934647174449888762e-01,1.706230004907242082e+00,-5.800161385584270968e-02
1.158403338614341083e+00,1.588399327213634527e+00,-1.089990378117039749e-01
1.310234173218164822e+00,1.444492096002566006e+00,-1.604106373031310151e-01
1.446456066767580095e+00,1.276957600445770558e+00,-2.105787173604635465e-01
1.564852604008219572e+00,1.089002780232098067e+00,-2.579047414788472325e-01
1.663561015912690788e+00,8.843918224906291981e-01,-3.015678257611479340e-01
1.741116880817362489e+00,6.672073812145419280e-01,-3.416630224773956614e-01
1.796473354953983081e+00,4.416084713610340384e-01,-3.787183514921724781e-01
1.828997210271431806e+00,2.116110117244288102e-01,-4.129680750434775449e-01
1.838445164019166356e+00,-1.909283215141870105e-02,-4.438584499616925472e-01
1.824924042532425794e+00,-2.472690472491427260e-01,-4.700556025582304231e-01
1.788838500563381340e+00,-4.702289632869300351e-01,-4.899307162675771155e-01
1.730830806515667231e+00,-6.858701179887934929e-01,-5.022757762613753174e-01
1.651718511827905633e+00,-8.926678376606834719e-01,-5.069007745967485379e-01
1.552437231113057425e+00,-1.089608905364549907e+00,-5.047982573383268390e-01
1.433996506158371931e+00,-1.276058147010749488e+00,-4.977380528468177134e-01
1.297455924984388886e+00,-1.451558000735327925e+00,-4.874201009496036407e-01
1.143925853676264648e+00,-1.615579603767231420e+00,-4.745563694600650750e-01
9.745926417636474604e-01,-1.767266715172851166e+00,-4.583602933854652450e-01
7.907630752961274379e-01,-1.905232008901395213e+00,-4.368153198497540801e-01
5.939187811042212495e-01,-2.027465849189793445e+00,-4.077519628620339676e-01
3.857697735222269664e-01,-2.131389146067290241e+00,-3.702782146942001917e-01
1.682978944443742630e-01,-2.214028772638908293e+00,-3.257428782189509819e-01
-5.621555223469054674e-02,-2.272245810648676922e+00,-2.774979962354581220e-01
-2.851801070963697615e-01,-2.302942165370976291e+00,-2.293750866993466142e-01
-5.157045692443753548e-01,-2.303221570167883314e+00,-1.836646328225245706e-01
-7.446240115226314682e-01,-2.270551067006875812e+00,-1.398701555779144068e-01
-9.685482502172686470e-01,-2.202997933489257321e+00,-9.516422083079337235e-02
-1.183937459538734194e+00,-2.099569578815819071e+00,-4.642527513579355891e-02
-1.387210994140917864e+00,-1.960586707672986373e+00,7.375348625084793275e-03
-1.574890033806817913e+00,-1.787946879060507976e+00,6.406786403132511132e-02
-1.743762074976405119e+00,-1.585148024778291864e+00,1.193747300868420458e-01
-1.891040090101868687e+00,-1.357035173556646379e+00,1.695716146031952254e-01
-2.014482616257346592e+00,-1.109342953421974309e+00,2.137877213578132929e-01
-2.112452267726801836e+00,-8.481637707205483823e-01,2.541908693270710229e-01
-2.183913633394945819e+00,-5.794589316313240035e-01,2.940391407288939218e-01
-2.228389591394418723e+00,-3.086773951122678272e-01,3.352387348918693943e-01
-2.245896560432705691e+00,-4.049745999413383035e-02,3.770643839405874997e-01
-2.236869523081452371e+00,2.213159013223753857e-01,4.164737758196207507e-01
-2.202079294633045414e+00,4.739506002087965908e-01,4.494468446680269791e-01
-2.142543391766060346e+00,7.155048790188799357e-01,4.725954012132501658e-01
-2.059435257913555972e+00,9.448933308620989235e-01,4.844788015504900569e-01
-1.953999932079862889e+00,1.161725149453850525e+00,4.862113927266972224e-01
-1.827485571162462685e+00,1.366153624350820328e+00,4.811030433048938404e-01
-1.681099538687111705e+00,1.558674550122311819e+00,4.733771006625414612e-01
-1.515995307850004581e+00,1.739852329134563780e+00,4.663910400615191021e-01
-1.333292454275246230e+00,1.909979250207017420e+00,4.610583159352853455e-01
-1.134126982246210114e+00,2.068716598270237128e+00,4.552140177809843591e-01
-9.197240234913064416e-01,2.214807916108037844e+00,4.444262636499470842e-01
-6.914813213359354283e-01,2.345965881221870220e+00,4.241804725937069476e-01
-4.510518418242004390e-01,2.458985642992487008e+00,3.925317865424159391e-01
-2.004172110977615606e-01,2.550034489794233750e+00,3.516756540127471409e-01
5.805271575608617063e-02,2.614975519137194393e+00,3.071215627530133885e-01
3.215581093046007144e-01,2.649588597498139464e+00,2.645105720036909913e-01
5.868512484883237068e-01,2.649678254088760454e+00,2.258364315749100404e-01
8.502513446748800607e-01,2.611219855599420825e+00,1.876256055867945027e-01
1.107703042270107074e+00,2.530750963734595516e+00,1.427345304413972504e-01
1.354888543368888199e+00,2.406081342307800242e+00,8.518109663697512324e-02
1.587397509138281704e+00,2.237140136204622820e+00,1.515545393184578038e-02
1.800948876145681554e+00,2.026592238977057647e+00,-5.938136193988899358e-02
1.991645094802567240e+00,1.779891811935969903e+00,-1.264127476406332884e-01
2.156220813990282537e+00,1.504680459172183182e+00,-1.771251230265466214e-01
2.292231370782906286e+00,1.209726168274144475e+00,-2.115375670143012921e-01
2.398131599315222573e+00,9.037805323010007497e-01,-2.378403170540127898e-01
2.473232678786593031e+00,5.947125023157314727e-01,-2.661430031204804481e-01
2.517571951255714424e+00,2.890640953289265735e-01,-3.021149447759131634e-01
2.531752867317209166e+00,-8.069696900435172071e-03,-3.448375683275070047e-01
2.516797824653331794e+00,-2.930107198470841001e-01,-3.886495306315512765e-01
2.474025264627710108e+00,-5.634044538157035875e-01,-4.264005758652916755e-01
2.404941593920333354e+00,-8.180689462490261521e-01,-4.522556669509373295e-01
2.311138469813297291e+00,-1.056794217993499041e+00,-4.635225540827906388e-01
2.194197100894602848e+00,-1.280125866750005281e+00,-4.614204167020307112e-01
2.055610129101949290e+00,-1.489152255480943987e+00,-4.506517003146842670e-01
1.896733113489097899e+00,-1.685276132233879176e+00,-4.377817396872717426e-01
1.718773531299578661e+00,-1.869931511334039564e+00,-4.288328718956339047e-01
1.524595163502300954e+00,-2.011709198307181978e+00,4.023603367245240370e-02
1.317104529499328658e+00,-2.131617569023205760e+00,1.215590042075927746e-01
1.098522077038652567e+00,-2.232898333905001920e+00,1.575663750168228849e-01
8.707357472441663582e-01,-2.316010793794855971e+00,2.002426331758993816e-01
6.356343609440204823e-01,-2.379839962825190725e+00,2.484398147198401963e-01
3.952594631706236594e-01,-2.422354610969034816e+00,2.963701773706500786e-01
1.518748283669737464e-01,-2.441005669740333062e+00,3.403792639821102695e-01
-9.200509968756676038e-02,-2.433051044858855150e+00,3.787302186015421013e-01
-3.336136522091630585e-01,-2.395901256243622157e+00,4.110047376378699324e-01
-5.699569196233122970e-01,-2.327499751984058562e+00,4.376604807193825719e-01
-7.978707189470271022e-01,-2.226691124417927270e+00,4.595111166815354364e-01
-1.014113859560144215e+00,-2.093508776239191960e+00,4.771302655495429645e-01
-1.215495320981315297e+00,-1.929334488774733680e+00,4.904086647725830472e-01
-1.399023289153477512e+00,-1.736922785226623356e+00,4.985092290338667409e-01
-1.562055098513431384e+00,-1.520305935793926588e+00,5.002825229634265680e-01
-1.702423650400146871e+00,-1.284581045735018856e+00,4.949412046922770925e-01
-1.818520993107788586e+00,-1.035556584155793880e+00,4.826043444869253518e-01
-1.909331061300770793e+00,-7.792609215795974764e-01,4.643511190818213619e-01
-1.974414407482848910e+00,-5.214009122061878942e-01,4.417067866279990040e-01
-2.013854326068727829e+00,-2.669236572545463093e-01,4.158641031046482750e-01
-2.028177287965927889e+00,-1.979618279621157828e-02,3.871341814179442009e-01
-2.018262016877454990e+00,2.169974582029217669e-01,3.549643518177231227e-01
-1.985249685250101814e+00,4.413318356326188519e-01,3.184775746213784897e-01
-1.930463108854293397e+00,6.517856382636731949e-01,2.771659492558126159e-01
-1.855338500669768687e+00,8.475051225181963188e-01,2.313259648302146976e-01
-1.761371345527072529e+00,1.028084314093081764e+00,1.820396598302050639e-01
-1.650077619994403166e+00,1.193441167040072193e+00,1.307883113063564584e-01
-1.522971273921485791e+00,1.343675933916969489e+00,7.894972392022733820e-02
-1.381557874006883013e+00,1.478915043734976953e+00,2.742750346981889797e-02
-1.227342867205292842e+00,1.599157688016582091e+00,-2.344992517353464145e-02
-1.061851558686276009e+00,1.704147949576332755e+00,-7.375980218990210724e-02
-8.866568649947110803e-01,1.793292730678848645e+00,-1.236530409778115180e-01
-7.034102757798470495e-01,1.865637354419140692e+00,-1.730223265940412924e-01
-5.138713525346692013e-01,1.919900391901510517e+00,-2.213225743746793095e-01
-3.199315929644381828e-01,1.954561350734661085e+00,-2.676224116482234239e-01
-1.236293699069983543e-01,1.967991686437600363e+00,-3.108523002520594547e-01
7.284664496363668640e-02,1.958619396830647785e+00,-3.501146159553299997e-01
2.671680621315599691e-01,1.925115776922501132e+00,-3.848923192592047515e-01
4.568940441190896262e-01,1.866587366715186880e+00,-4.150574482542309651e-01
6.395173863044119056e-01,1.782749717748851159e+00,-4.406986005784060412e-01
8.125292181829861793e-01,1.674058307105532384e+00,-4.618831524238117270e-01
9.734981921613006239e-01,1.541778368115311215e+00,-4.784914358135853307e-01
1.120156017093500100e+00,1.387985434754705372e+00,-4.902054963559506762e-01
1.250479192217692104e+00,1.215495174769319453e+00,-4.966425690113062119e-01
1.362757781156484160e+00,1.027723503419625706e+00,-4.975398190010259514e-01
1.455645086279198530e+00,8.284836070365207972e-01,-4.928634466578937223e-01
1.528185249335484386e+00,6.217424480547143473e-01,-4.827608381951061789e-01
1.579818167480666613e+00,4.113788871101354272e-01,-4.673884440508838667e-01
1.610363206712341899e+00,2.009899988664736736e-01,-4.467561711641937494e-01
1.619985571271474578e+00,-6.228661568753832145e-03,-4.207347032634461970e-01
1.609151180372448753e+00,-2.075355776169411359e-01,-3.892523313920764894e-01
1.578576428557677325e+00,-4.006544408535985258e-01,-3.525540197275179866e-01
1.529178242947890176e+00,-5.837646486516004929e-01,-3.113360947432940451e-01
1.462028409892709213e+00,-7.554737670556247453e-01,-2.666523136541673056e-01
1.378315043431143527e+00,-9.147626976911250596e-01,-2.196395424119163275e-01
1.279313297978334152e+00,-1.060897206836563855e+00,-1.712172588725852374e-01
1.166366572932336698e+00,-1.193312085961347302e+00,-1.219137423667479292e-01
1.040878307853065898e+00,-1.311486275953121394e+00,-7.188813710205468888e-02
9.043131634551535569e-01,-1.414832146853770789e+00,-2.111636695434274125e-02
7.582052147834927869e-01,-1.502618923695751230e+00,3.035930092024127780e-02
6.041699887581613027e-01,-1.573941817895702977e+00,8.223277088081001884e-02
4.439168817665684053e-01,-1.627738796640827212e+00,1.338703596019524544e-01
2.792586862396400083e-01,-1.662849581995709203e+00,1.843965262992622589e-01
1.121154787386762219e-01,-1.678107894706311720e+00,2.328760308880884755e-01
-5.548930034148669144e-02,-1.672456969663018045e+00,2.784994167547648614e-01
-2.214423386782449210e-01,-1.645077374394072089e+00,3.206869907824295707e-01
-3.835649960658413793e-01,-1.595513770823604682e+00,3.590773955381746374e-01
-5.396498507590872240e-01,-1.523784906886026969e+00,3.934304972795769073e-01
-6.875089669982987761e-01,-1.430461766403851920e+00,4.235141447519364943e-01
-8.250315510422077114e-01,-1.316703741977784725e+00,4.490404029333302516e-01
-9.502462879731552459e-01,-1.184249729788332539e+00,4.696772458187109534e-01
-1.061381934622605661e+00,-1.035366245386587503e+00,4.851145710475844863e-01
-1.156919576310550868e+00,-8.727564234352681583e-01,4.951362480666529065e-01
-1.235631487153854069e+00,-6.994349088872092723e-01,4.996528477258931344e-01
-1.296604036238961699e+00,-5.185783231753956501e-01,4.986756041783974025e-01
-1.339244514283203680e+00,-3.333688891730217096e-01,4.922478546091423324e-01
-1.363273492257673469e+00,-1.468537151119272965e-01,4.803812235925829510e-01
-1.368705342522226198e+00,3.816184321355627074e-02,4.630513311838154733e-01
-1.355820092994390658e+00,2.191800293641177899e-01,4.402766142316306697e-01
-1.325130032040539918e+00,3.940402186788690142e-01,4.122442131412168420e-01
-1.277344533865837350e+00,5.609203360126499005e-01,3.794001800469385399e-01
-1.213336462464785770e+00,7.183150182371348391e-01,3.424292652409047788e-01
-1.134113165465390205e+00,8.649910276666384901e-01,3.021140049396063842e-01
-1.040794361319432371e+00,9.999204567418303879e-01,2.591401936392142558e-01
-9.345981304698736114e-01,1.122197340676117205e+00,2.139531086563718210e-01
-8.168349092147366708e-01,1.230950049193282991e+00,1.667436905463571539e-01
-6.889081310225420030e-01,1.325266063470867950e+00,1.175744129393291038e-01
-5.523192094641486971e-01,1.404144972752413567e+00,6.658101957236337021e-02
-4.086740408891065268e-01,1.466489863828871920e+00,1.414671688723498355e-02
-2.596881328283064949e-01,1.511139080856764183e+00,-3.904043271991244901e-02
-1.071877414952819851e-01,1.536932891185941896e+00,-9.207449199287257025e-02
4.689514358271362759e-02,1.542805234501377631e+00,-1.440130555627991138e-01
2.005356792489958462e-01,1.527889471488551143e+00,-1.940534467531495333e-01
3.516382382980294263e-01,1.491627044843311323e+00,-2.416126606833720880e-01
4.980685068627488388e-01,1.433867587432717583e+00,-2.862822410158677444e-01
6.376955372748487338e-01,1.354948487365534637e+00,-3.277059315690201702e-01
7.684421700075017014e-01,1.255742844258227242e+00,-3.654708028069492132e-01
8.883403851798141737e-01,1.137668062360782661e+00,-3.990863551281825794e-01
9.955866515817615170e-01,1.002652121068892788e+00,-4.280636918411399039e-01
1.088591910332394885e+00,8.530592074992088270e-01,-4.520391004123435197e-01
1.166021637652845389e+00,6.915805660730035553e-01,-4.708559006236942013e-01
1.226823022229495352e+00,5.211012293062377010e-01,-4.845439275572661630e-01
1.270238018983459893e+00,3.445587930373468777e-01,-4.932018251861062241e-01
1.295802563993939671e+00,1.648136452311027011e-01,-4.968530448443405634e-01
1.303333561609395952e+00,-1.545274878081508152e-02,-4.953702459852752371e-01
1.292906394224942579e+00,-1.938037833988987546e-01,-4.885260363811215756e-01
1.264826490129614678e+00,-3.680799570940999632e-01,-4.761492585775971564e-01
1.219598753958010429e+00,-5.364042033128236797e-01,-4.582940334713444530e-01
1.157898458177621714e+00,-6.971652588575542042e-01,-4.353123893173079795e-01
1.080546667028512431e+00,-8.489797682928942324e-01,-4.077748010579728133e-01
9.884924845583976660e-01,-9.906326271740494294e-01,-3.762743031080734157e-01
8.828033500774641329e-01,-1.120999214337592642e+00,-3.412227407841729176e-01
7.646632661541513665e-01,-1.238960555411809716e+00,-3.027588121993974868e-01
6.353774286781075364e-01,-1.343328644900967150e+00,-2.608302816766087107e-01
4.963805620745223024e-01,-1.432800199577419997e+00,-2.154171192159256842e-01
3.492456561274837057e-01,-1.505951666114180520e+00,-1.667786155955940652e-01
1.956898932904713728e-01,-1.561278380245835651e+00,-1.155837299703793841e-01
3.757523043907973204e-02,-1.597270902177564844e+00,-6.284074829453803468e-02
-1.230979900143218675e-01,-1.612516055861240583e+00,-9.654714725745666692e-03
-2.842053121267775762e-01,-1.605810099251002265e+00,4.305584995027342265e-02
-4.435210044111685956e-01,-1.576273828577799074e+00,9.472470845309541310e-02
-5.987502953004033568e-01,-1.523460367164512386e+00,1.450988944879395282e-01
-7.475718140318059479e-01,-1.447444929557242910e+00,1.940327218131184528e-01
-8.876901513591939352e-01,-1.348884738863242783e+00,2.412509050411796030e-01
-1.016896426990898883e+00,-1.229039745563636155e+00,2.862258891068404365e-01
-1.133132202490036322e+00,-1.089750704545263682e+00,3.282323369471907837e-01
-1.234550296937022340e+00,-9.333768440398629851e-01,3.665272227670141048e-01
-1.319566107511893849e+00,-7.626977170454819488e-01,4.005340401924496474e-01
-1.386894852350325502e+00,-5.807842520878027104e-01,4.299236374558671470e-01
-1.435572621454222153e+00,-3.908469619382605731e-01,4.545596526055487585e-01
-1.464961096731485890e+00,-1.960762366643466481e-01,4.743575066071582524e-01
-1.474737029413467626e+00,5.041143325408975473e-04,4.891504151432241043e-01
-1.464868541984437167e+00,1.961499467619878811e-01,4.986510231283841632e-01
-1.435581471306421664e+00,3.884654214634098435e-01,5.025453266380094375e-01
-1.387320162648171484e+00,5.754267354761476438e-01,5.006729036232070440e-01
-1.320707943892090563e+00,7.553656396926679006e-01,4.931768450117982594e-01
-1.236512649554305066e+00,9.269164022589712060e-01,4.805019000852394084e-01
-1.135621902985573195e+00,1.088927929162112340e+00,4.631996895349413945e-01
-1.019031368310567176e+00,1.240345558430425710e+00,4.416250376297153890e-01
-8.878469348660449345e-01,1.380075858414499868e+00,4.157016087834460860e-01
-7.432991255198226899e-01,1.506858745953404854e+00,3.849347058892601536e-01
-5.867655431280571765e-01,1.619177638237885075e+00,3.487368226766659474e-01
-4.197956285622022055e-01,1.715233853949582832e+00,3.069472666422495832e-01
-2.441319096069582972e-01,1.792994533683383684e+00,2.602653800842443799e-01
-6.172319752397403825e-02,1.850300710204524135e+00,2.102954052485895564e-01
1.252728591981202566e-01,1.885007013358518835e+00,1.590833140568673476e-01
3.144987835376220620e-01,1.895126990285450619e+00,1.083381868649578583e-01
5.034181122874030745e-01,1.878975062877578983e+00,5.877171360973396097e-02
6.893488702244703337e-01,1.835311846052473106e+00,9.968718852207597569e-03
8.695114834065489351e-01,1.763498495837028335e+00,-3.910024939005043998e-02
1.041092976872020293e+00,1.663647212722272561e+00,-8.921279766545101020e-02
1.201327001291512930e+00,1.536734274694166791e+00,-1.401992126627444046e-01
1.347584651966765357e+00,1.384637239588249136e+00,-1.908491519055185714e-01
1.477466276383368804e+00,1.210074892600678131e+00,-2.394705777500096000e-01
1.588882471990205936e+00,1.016456224406727449e+00,-2.847174168447575981e-01
1.680114695861283813e+00,8.076664478709217887e-01,-3.261240227923326573e-01
1.749850900505739659e+00,5.878254354685256144e-01,-3.640107443370911300e-01
1.797196356192424682e+00,3.610504246327684297e-01,-3.988794037172215257e-01
1.821662407479440970e+00,1.312471840219887054e-01,-4.307358569144891236e-01
1.823136641930792612e+00,-9.805510550511102597e-02,-4.587593316241341812e-01
1.801838137827108888e+00,-3.238195301794812297e-01,-4.814873926070549759e-01
1.758261953209928619e+00,-5.435690363898403321e-01,-4.974077883061102101e-01
1.693117960961917134e+00,-7.554078017249460375e-01,-5.056614560762159316e-01
1.607270359726657993e+00,-9.579924680192651865e-01,-5.065032760468116679e-01
1.501685283732481224e+00,-1.150443683088761881e+00,-5.012585216415007539e-01
1.377394126329930968e+00,-1.332190542974325931e+00,-4.917350279301376803e-01
1.235478695000815863e+00,-1.502753412429068236e+00,-4.793193678866504159e-01
1.077080903319776350e+00,-1.661491457571203201e+00,-4.641821346283140359e-01
9.034349695338337316e-01,-1.807363323910850861e+00,-4.450443744672628599e-01
7.159153215423166294e-01,-1.938762259784417852e+00,-4.197598193321826487e-01
5.160902336772236199e-01,-2.053477552997941658e+00,-3.865633604815218449e-01
3.057708777433221226e-01,-2.148795683739787243e+00,-3.453777800572740420e-01
8.704789660445766408e-02,-2.221700671649260883e+00,-2.983578481725334131e-01
-1.376886849722758210e-01,-2.269098589609682470e+00,-2.491540770201982335e-01
-3.657473209699697581e-01,-2.288007233590319878e+00,-2.011439102791615918e-01
-5.941505416348815682e-01,-2.275712606624159307e+00,-1.556381193881339053e-01
-8.196694437344491657e-01,-2.229951536645998544e+00,-1.112466145403249451e-01
-1.038881040781036935e+00,-2.149180572291257363e+00,-6.495286869601560320e-02
-1.248254679312875703e+00,-2.032923176491351569e+00,-1.433962555798476424e-02
-1.444272075128448352e+00,-1.882097036643399557e+00,4.045413154578167414e-02
-1.623577212754812704e+00,-1.699182941719170836e+00,9.644244386312092465e-02
-1.783138245512889464e+00,-1.488142550596858849e+00,1.495143687885825690e-01
-1.920391085049248270e+00,-1.254093250233103030e+00,1.970177537158928904e-01
-2.033334784545981933e+00,-1.002834669242149923e+00,2.392745581758884688e-01
-2.120565709236535312e+00,-7.403468708865209580e-01,2.789082893325581791e-01
-2.181259473863574883e+00,-4.723508948962146792e-01,3.186589768002460188e-01
-2.215120650209927433e+00,-2.039748779038836335e-01,3.593940803646472615e-01
-2.222316275393182217e+00,6.046470884466066675e-02,3.994799739619122603e-01
-2.203399675634261534e+00,3.175708085715578943e-01,4.355062744376095862e-01
-2.159226186000368308e+00,5.648755665741321819e-01,4.637174134913902845e-01
-2.090863692504313143e+00,8.007783303383034790e-01,4.815019582393301745e-01
-1.999504469661510742e+00,1.024442510494404379e+00,4.884438972370429566e-01
-1.886387151054666811e+00,1.235665844900372567e+00,4.865609695705995774e-01
-1.752738053339162549e+00,1.434712946770275499e+00,4.795703348843670666e-01
-1.599739644809186290e+00,1.622086351606346843e+00,4.713794508199339317e-01
-1.428530871546527026e+00,1.798224703726818197e+00,4.643540174526589182e-01
-1.240239606823156260e+00,1.963151187937614450e+00,4.580972804978838964e-01
-1.036042259793595877e+00,2.116139231229903217e+00,4.494029562641114195e-01
-8.172408052149411350e-01,2.255493808798108013e+00,4.336684773710811625e-01
-5.853451960838882417e-01,2.378534579437733054e+00,4.073596269386737800e-01
-3.421506578563537904e-01,2.481793187936507827e+00,3.703152307847322744e-01
-8.980326528988702428e-02,2.561331417494361773e+00,3.263559696784693598e-01
1.691500767901443769e-01,2.613029897900723153e+00,2.813884332812816025e-01
4.317314889950043533e-01,2.632755613475547207e+00,2.397981894026245120e-01
6.945284843021066745e-01,2.616467149014821025e+00,2.013362679840414449e-01
9.537263092214660620e-01,2.560442966796346198e+00,1.607831973057461672e-01
1.205187084912418660e+00,2.461795356101026400e+00,1.111360668560504583e-01
1.444584024615740647e+00,2.319239489405509502e+00,4.871722243312501255e-02
1.667591236965403345e+00,2.133849914137085690e+00,-2.307733088966404389e-02
1.870117643414766162e+00,1.909442034589923898e+00,-9.438716282873574337e-02
2.048557682256860524e+00,1.652346179295372641e+00,-1.542772151269292957e-01
2.200013437973049157e+00,1.370609441278236806e+00,-1.976096567303901319e-01
2.322435061685466984e+00,1.072903382188565180e+00,-2.281220140157575182e-01
2.414645787912122366e+00,7.675094830132510593e-01,-2.551341989178627090e-01
2.476260515552692443e+00,4.616495905491271867e-01,-2.869294195052819463e-01
2.507543604437715956e+00,1.611954572740595393e-01,-3.261729185193519287e-01
2.509257059676837986e+00,-1.293828456192189225e-01,-3.696718290329324974e-01
2.482527394873870197e+00,-4.069665737137350692e-01,-4.109663325966695924e-01
2.428732195698518392e+00,-6.696797501605155079e-01,-4.433999441760835269e-01
2.349396104770562488e+00,-9.167239213056409541e-01,-4.624752075855173006e-01
2.246091589222673157e+00,-1.148176722921068427e+00,-4.672248821430758925e-01
2.120350484051869433e+00,-1.364783242452974443e+00,-4.604731756443075641e-01
1.973598024281542296e+00,-1.567741511769176421e+00,-4.478737346504192418e-01
1.807119985231855797e+00,-1.758452135754957846e+00,-4.358989550834354576e-01
1.622068446912337869e+00,-1.938199236201682440e+00,-4.293687299189957729e-01
1.419505665238686820e+00,-2.107761508226071889e+00,-4.293849927246330411e-01
1.200480098843303978e+00,-2.267007175915547457e+00,-4.325714147695168821e-01
9.661243243624209054e-01,-2.414581512696139853e+00,-4.322409430549899456e-01
7.177622894729918102e-01,-2.547810417299697150e+00,-4.214067464682901276e-01
4.570142688872567138e-01,-2.662879150984911902e+00,-3.964604237197636438e-01
1.858912040933136112e-01,-2.755212319059713089e+00,-3.594441562151234892e-01
-9.312740119492146640e-02,-2.819867944055632236e+00,-3.170818881922247146e-01
-3.770384697727229284e-01,-2.851775868087562671e+00,-2.764928465979440420e-01
-6.622924653822697127e-01,-2.845825891142411024e+00,-2.399123505583677096e-01
-9.448141918666934647e-01,-2.797031423920817161e+00,-2.020720031649620163e-01
-1.220077806486151273e+00,-2.701060905598088979e+00,-1.528146178258157628e-01
-1.483241962226301114e+00,-2.555217555025787846e+00,-8.423451275566154473e-02
-1.729348779292155358e+00,-2.359572510974166093e+00,1.951558919922685709e-03
-1.953593304748319825e+00,-2.117723080918507250e+00,9.243458736963358624e-02
-2.150420211120210645e+00,-1.814038555792530483e+00,4.468446362073262845e-01
-2.315340796977875648e+00,-1.482542374058672729e+00,4.755443962717248452e-01
-2.446241653826402462e+00,-1.137175450083768746e+00,4.646071692376051443e-01
-2.542479303504886268e+00,-7.906650930986761638e-01,4.463757219632310536e-01
-2.604520682949211796e+00,-4.533710426999439380e-01,4.225107056800067040e-01
-2.633656869226266295e+00,-1.325316049714670430e-01,3.952299528453221411e-01
-2.631726670236470333e+00,1.676921350231113661e-01,3.664548653652940358e-01
-2.600871073025533775e+00,4.455747381513164851e-01,3.359236764768053218e-01
-2.543344814429723044e+00,7.009942867840467384e-01,3.015711862175248781e-01
-2.461387914466644844e+00,9.347156012242637813e-01,2.611405381256258762e-01
-2.357144952899791868e+00,1.147911048073017914e+00,2.137255364707567329e-01
-2.232619847914476097e+00,1.341896382301191570e+00,1.603760122117233455e-01
-2.089659079356310123e+00,1.517991629766047401e+00,1.036213225035379215e-01
-1.929959240054132552e+00,1.677418970579519941e+00,4.636675694291167438e-02
-1.755094768137330563e+00,1.821188239108693763e+00,-9.191223831298916958e-03
-1.566560793778171368e+00,1.949963610374218836e+00,-6.215273430605808280e-02
-1.365825636734546267e+00,2.063933922014008715e+00,-1.128411272234874085e-01
-1.154387615724307148e+00,2.162718423271076773e+00,-1.621940106602554332e-01
-9.338310526810948975e-01,2.245331823885448053e+00,-2.109368503569701014e-01
-7.058768180115555513e-01,2.310215355206302945e+00,-2.589305961299476211e-01
-4.724239928470199690e-01,2.355326412261878666e+00,-3.050104933078553460e-01
-2.355810174076264918e-01,2.378278069122796268e+00,-3.473998268987738003e-01
2.314409674084805246e-03,2.376529325214745469e+00,-3.844714300321668832e-01
2.386889926404636153e-01,2.347632585159804108e+00,-4.154240261829641456e-01
4.707471055248719782e-01,2.289532773815787792e+00,-4.404928204328096841e-01
6.955126130432949250e-01,2.200885885026689692e+00,-4.605992814691762804e-01
9.099063526627284570e-01,2.081343660860193623e+00,-4.766701918836658836e-01
1.110858329872987493e+00,1.931753354816560408e+00,-4.890208579437295144e-01
1.295442588687556462e+00,1.754244203539170988e+00,-4.971371523565660810e-01
1.461014875720911599e+00,1.552192998422510462e+00,-4.999712901787606301e-01
1.605333110175140465e+00,1.330062007300684135e+00,-4.965884377506962766e-01
1.726646920911862892e+00,1.093096147955913144e+00,-4.867724643361920345e-01
1.823749309952157782e+00,8.468903392026499999e-01,-4.711738798134500472e-01
1.895987249184928558e+00,5.969030702972676350e-01,-4.508748907078238277e-01
1.943231334781795994e+00,3.480442242193182989e-01,-4.266948044341499768e-01
1.965811263403842712e+00,1.044378738354206498e-01,-3.987635951062219464e-01
1.964431416766284855e+00,-1.306333920982344909e-01,-3.666495159848511820e-01
1.940082953302260549e+00,-3.546740000252965319e-01,-3.298816883904837072e-01
1.893963951536276280e+00,-5.658882507881825008e-01,-2.884575866479127670e-01
1.827412192909372068e+00,-7.630933259243183331e-01,-2.430197171659191080e-01
1.741851119077902466e+00,-9.456239115236152459e-01,-1.946667535172653951e-01
1.638748996800613256e+00,-1.113210487551020700e+00,-1.445826848514687735e-01
1.519592041140802152e+00,-1.265827908280132030e+00,-9.370755186191562225e-02
1.385872169326661796e+00,-1.403528856522811674e+00,-4.258662941977067740e-02
1.239088846368016084e+00,-1.526285764765582309e+00,8.577383579075753550e-03
1.080762841251918793e+00,-1.633863752588114560e+00,5.972742218534929370e-02
9.124583562639732026e-01,-1.725739832577078525e+00,1.107124090200198585e-01
7.358092428757396775e-01,-1.801074261923624187e+00,1.611121284682493771e-01
5.525449226903211830e-01,-1.858732122558345745e+00,2.102003136872835076e-01
3.645121108646589558e-01,-1.897349615619375429e+00,2.570568262946534288e-01
1.736892371083234021e-01,-1.915440049684018264e+00,3.007719031329568748e-01
-1.780886236496548314e-02,-1.911535470588580532e+00,3.406438225003708409e-01
-2.077381959984390125e-01,-1.884356696781420704e+00,3.762785248352668033e-01
-3.937471518450765817e-01,-1.832996130395155854e+00,4.075533978816306968e-01
-5.734144558272380454e-01,-1.757088783606162830e+00,4.344778329712565279e-01
-7.443043553124930600e-01,-1.656944621737072021e+00,4.570306943182157466e-01
-9.040370130127104442e-01,-1.533622764316622034e+00,4.750558850564158275e-01
-1.050368359040544819e+00,-1.388940931597218986e+00,4.882573996367608471e-01
-1.181270433922973373e+00,-1.225423106334192491e+00,4.962818475214544334e-01
-1.295002218745828104e+00,-1.046190061717501729e+00,4.988372509713155933e-01
-1.390162816389922229e+00,-8.547963536534110007e-01,4.957842322992246364e-01
-1.465722711185813987e+00,-6.550238161969020867e-01,4.871496178882449568e-01
-1.521032818057157288e+00,-4.506575877274878184e-01,4.730529153380967911e-01
-1.555813800019077542e+00,-2.452836916435414127e-01,4.535950879395852509e-01
-1.570129566774758567e+00,-4.214201657464948514e-02,4.288010592995118442e-01
-1.564349439813968567e+00,1.559543610647276535e-01,3.986853697260767104e-01
-1.539103533107606170e+00,3.466459501226458184e-01,3.634210970967569621e-01
-1.495235673688817046e+00,5.280198613763146254e-01,3.235008220624803199e-01
-1.433757880913604454e+00,6.985810432035285400e-01,2.797654591764410226e-01
-1.355810059459156891e+00,8.572019986999456220e-01,2.332583556004788894e-01
-1.262627922004229797e+00,1.003047214694728018e+00,1.849745454139036516e-01
-1.155521071229910435e+00,1.135473985210652570e+00,1.356368572988298771e-01
-1.035861748515816361e+00,1.253920719600362110e+00,8.560927141779725580e-02
-9.050833044854640352e-01,1.357800737772890676e+00,3.498036290374070822e-02
-7.646862376275793682e-01,1.446420621658738304e+00,-1.623380393514142761e-02
-6.162488198457605204e-01,1.518937531139266328e+00,-6.786827344594317801e-02
-4.614389262060296648e-01,1.574361858773648093e+00,-1.194709901518084261e-01
-3.020237065592186188e-01,1.611603387504314311e+00,-1.703047067697386618e-01
-1.398741028778023310e-01,1.629553291079478550e+00,-2.194766331957939409e-01
2.303824534062948182e-02,1.627191519386618657e+00,-2.661225904760488037e-01
1.846536359281765183e-01,1.603707998736348506e+00,-3.095516911255195014e-01
3.428478932542395885e-01,1.558624928482171823e+00,-3.492883979821278517e-01
4.954675727862329904e-01,1.491906091935483181e+00,-3.850121433906156243e-01
6.403761266192133927e-01,1.404039092829712621e+00,-4.164514927294621360e-01
7.755084836383148161e-01,1.296079240413749778e+00,-4.433070098730197417e-01
8.989295479914687359e-01,1.169648899016353161e+00,-4.652483083716144607e-01
1.008890937776712571e+00,1.026891334778610831e+00,-4.819778353150258043e-01
1.103880428942396463e+00,8.703821325075561388e-01,-4.933098881204155406e-01
1.182659892293296044e+00,7.030053006800399684e-01,-4.992036314058135860e-01
1.244289326973261556e+00,5.278070614112627679e-01,-4.997193290594462711e-01
1.288136281796588456e+00,3.478467584463532103e-01,-4.949212063418580998e-01
1.313871363932620051e+00,1.660663489838148377e-01,-4.847951301144749481e-01
1.321451777378847670e+00,-1.480622527167711755e-02,-4.692509546541475673e-01
1.311095875450176473e+00,-1.923162835051057118e-01,-4.482283448769283085e-01
1.283252324583090465e+00,-3.643104707237371787e-01,-4.218507478213925355e-01
1.238567540990504812e+00,-5.289417207470227256e-01,-3.905282075461090630e-01
1.177854701818817240e+00,-6.846545573878001223e-01,-3.549320461405872651e-01
1.102067033701512822e+00,-8.301493932889273397e-01,-3.158409757565695530e-01
1.012277304953338231e+00,-9.643248307971933331e-01,-2.739372558592211293e-01
9.096644759505837508e-01,-1.086202686247303761e+00,-2.296620354605966308e-01
7.955073478123835251e-01,-1.194847712457287381e+00,-1.832056950497335246e-01
6.711839608901368770e-01,-1.289298332482724740e+00,-1.346357971529289765e-01
5.381746431155345345e-01,-1.368523753209162530e+00,-8.409415110579235297e-02
3.980661508638680957e-01,-1.431417073429314124e+00,-3.196138226444592001e-02
2.525543254744975208e-01,-1.476826047176981627e+00,2.109273253159468786e-02
1.034430198663043310e-01,-1.503616201375140848e+00,7.419318697654628258e-02
-4.736246395797194531e-02,-1.510757004894167865e+00,1.264273546005608428e-01
-1.978687639117955310e-01,-1.497420502879665216e+00,1.770052473065629461e-01
-3.460157504996594913e-01,-1.463081582090382193e+00,2.253336457899831335e-01
-4.897065548064938323e-01,-1.407608656638476896e+00,2.709813811599229849e-01
-6.268465847237549848e-01,-1.331333633473651412e+00,3.135772383716312062e-01
-7.553905798121289816e-01,-1.235091983821624106e+00,3.527151154407118794e-01
-8.733950207002674215e-01,-1.120227909654129883e+00,3.879260074987865847e-01
-9.790715253764556980e-01,-9.885642527388541767e-01,4.187275119971428650e-01
-1.070836016318323702e+00,-8.423398112017858042e-01,4.447126750596152034e-01
-1.147348879363263352e+00,-6.841179999104253229e-01,4.656201124009368142e-01
-1.207542842415837869e+00,-5.166726066698502651e-01,4.813431945276204216e-01
-1.250637199999169669e+00,-3.428606262205635136e-01,4.918737072849052039e-01
-1.276138690656203112e+00,-1.654971717449031376e-01,4.972139207954126006e-01
-1.283830593038428391e+00,1.275107588405417769e-02,4.973123002207228138e-01
-1.273752519173188213e+00,1.894420571882021176e-01,4.920690854041066542e-01
-1.246174025215436076e+00,3.624006180592028170e-01,4.814169892311309651e-01
-1.201565515118410810e+00,5.297299096468676138e-01,4.654291823606467871e-01
-1.140569947857054567e+00,6.897965812053107326e-01,4.443780704573850882e-01
-1.063978552635942210e+00,8.411927201135379617e-01,4.186907327703960346e-01
-9.727130679754341092e-01,9.826765407048138057e-01,3.888117048379936547e-01
-8.678159227581014878e-01,1.113096467885186902e+00,3.550500585641626072e-01
-7.504483600379538988e-01,1.231308920244796878e+00,3.175109114740547467e-01
-6.218950249537711361e-01,1.336105515336967420e+00,2.761729344233668781e-01
-4.835723499036455042e-01,1.426166876727329891e+00,2.310906545917060517e-01
-3.370374718522264335e-01,1.500055752550330856e+00,1.826179089886136031e-01
-1.839945098416724267e-01,1.556252962033054521e+00,1.315173669983085991e-01
-2.629566190422338856e-02,1.593229919446289555e+00,7.886990596565976452e-02
1.340645998988019283e-01,1.609545792037413436e+00,2.580997687585448452e-02
2.949633366292887526e-01,1.603957402741326588e+00,-2.677543970721454891e-02
4.541718427661509683e-01,1.575533055023370599e+00,-7.841193579830299520e-02
6.093881833328322895e-01,1.523762921707200624e+00,-1.289684134428494000e-01
7.582802979626672712e-01,1.448656441963276142e+00,-1.783962281023338259e-01
8.985393235339713680e-01,1.350813732011875379e+00,-2.264379672849702596e-01
1.027940720868727453e+00,1.231457666053518585e+00,-2.724854217730118267e-01
1.144408429673167360e+00,1.092417904156880004e+00,-3.156713557979166085e-01
1.246075803637631374e+00,9.360655717780302920e-01,-3.551314145201952543e-01
1.331337290510206550e+00,7.652040543058528099e-01,-3.902668101443015347e-01
1.398886475788263750e+00,5.829263843227180386e-01,-4.208442250841361032e-01
1.447738207255383713e+00,3.924543193318202339e-01,-4.468795977145819664e-01
1.477234264224986493e+00,1.969784826312055981e-01,-4.683904249536406939e-01
1.487033386926571055e+00,-4.803333372206813889e-04,-4.851798031622652774e-01
1.477087779881683716e+00,-1.971742849849819623e-01,-4.967936708400674251e-01
1.447609531594351129e+00,-3.906913526116914670e-01,-5.026883529100675263e-01
1.399031485992085377e+00,-5.789805472717352020e-01,-5.025165944308628285e-01
1.331967711510334773e+00,-7.603424452836301528e-01,-4.963585971754272963e-01
1.247178782931296359e+00,-9.333840842161685858e-01,-4.847413842094471237e-01
1.145546567573304308e+00,-1.096935578580370718e+00,-4.684028800720813068e-01
1.028061929065122948e+00,-1.249931176849535364e+00,-4.479071824212940145e-01
8.958266371031234909e-01,-1.391269150338956040e+00,-4.233224822345863503e-01
7.500680420829848316e-01,-1.519677512736868907e+00,-3.941716694463411885e-01
5.921623816974754817e-01,-1.633618967559351320e+00,-3.597434374415416913e-01
4.236607724029857192e-01,-1.731262860590801589e+00,-3.196509250383431366e-01
2.463116405992538116e-01,-1.810533574527372069e+00,-2.743441603782886817e-01
6.207461099932976012e-02,-1.869221252151228585e+00,-2.252457635007562298e-01
-1.268769551954698205e-01,-1.905125467464144018e+00,-1.743555186314057759e-01
-3.181655346042970844e-01,-1.916205327791314916e+00,-1.234883106484307158e-01
-5.092309224525035649e-01,-1.900726733093361931e+00,-7.357077722239782624e-02
-6.973639024322546565e-01,-1.857412807900568064e+00,-2.442753967772862134e-02
-8.797537668466091088e-01,-1.785601654789355175e+00,2.479654109049075905e-02
-1.053552060672975133e+00,-1.685396763276218346e+00,7.483352702912324239e-02
-1.215953156233210430e+00,-1.557776035297381734e+00,1.256158030195660691e-01
-1.364287439712722039e+00,-1.404623731261201991e+00,1.761520514967810092e-01
-1.496116917354396003e+00,-1.228669270584181072e+00,2.250056425571312635e-01
-1.609319764920110751e+00,-1.033343434374080383e+00,2.710068803812032412e-01
-1.702152587360049596e+00,-8.225779594231498182e-01,3.136861063533541438e-01
-1.773285756222473752e+00,-6.005741719294271919e-01,3.531612896061301354e-01
-1.821813554517875078e+00,-3.715609380644659399e-01,3.896307280703678044e-01
-1.847243272539589087e+00,-1.395626439302601329e-01,4.228567887451174512e-01
-1.849466349338067639e+00,9.179788907553450283e-02,4.519557496572258470e-01
-1.828713474166353992e+00,3.194389180028556763e-01,4.755898653195868020e-01
-1.785496552945296189e+00,5.408914422827616475e-01,4.924668083187623280e-01
-1.720543095070135253e+00,7.543065292834362223e-01,5.019249209218042962e-01
-1.634731012827566277e+00,9.584061737613022158e-01,5.043166662211530094e-01
-1.529032794295581477e+00,1.152380003152623678e+00,5.009461281330896965e-01
-1.404477252342559490e+00,1.335724632478797025e+00,4.935022677614381292e-01
-1.262134706304678611e+00,1.508027226676522892e+00,4.831922789158892284e-01
-1.103127737889281201e+00,1.668712406825799688e+00,4.699871295830558848e-01
-9.286650321202556402e-01,1.816796123997085344e+00,4.524297330169940734e-01
-7.400912431384203405e-01,1.950708705165908219e+00,4.282656231328826335e-01
-5.389428252847905387e-01,2.068245088103787488e+00,3.957482072283607932e-01
-3.269996471600411514e-01,2.166662486951582700e+00,3.549892189382494179e-01
-1.063248268093339721e-01,2.242886181240836940e+00,3.084828686475898918e-01
1.207112130619190093e-01,2.293741454979869587e+00,2.602445746183182917e-01
3.514240023518560019e-01,2.316142889920183023e+00,2.138406312710737500e-01
5.828266594388262778e-01,2.307239972172810738e+00,1.704245774249462941e-01
8.116623898193100484e-01,2.264588400738540841e+00,1.280843721063867624e-01
1.034462694445370756e+00,2.186425298580754628e+00,8.309842240736284302e-02
1.247637226233628160e+00,2.072053004471740678e+00,3.248675789930896562e-02
1.447598161256765659e+00,1.922227376451795200e+00,-2.370458401434763496e-02
1.630913399314778189e+00,1.739384949691393123e+00,-8.196462937011364525e-02
1.794471007957410214e+00,1.527580674834799757e+00,-1.372213420111176030e-01
1.935627662166795826e+00,1.292124095615059920e+00,-1.859310948159748345e-01
2.052313193070442576e+00,1.039023734939183319e+00,-2.281411018668225987e-01
2.143074697232132397e+00,7.744077852708811660e-01,-2.669851648337636663e-01
2.207061873936615903e+00,5.040602968578314913e-01,-3.061430267102355218e-01
2.243970171199716201e+00,2.331256233936612188e-01,-3.472801717587375991e-01
2.253962759732078602e+00,-3.404749508403008551e-02,-3.890544778603316489e-01
2.237586735732043586e+00,-2.939783167004252351e-01,-4.278211206898038244e-01
2.195689559938005964e+00,-5.440780706876290340e-01,-4.592464113593993646e-01
2.129335614893687278e+00,-7.826325343729206852e-01,-4.800078395255883423e-01
2.039722988122291802e+00,-1.008739206695832502e+00,-4.890358277457568237e-01
1.928105159688789927e+00,-1.222193762916324866e+00,-4.879470178890815690e-01
1.795726801503992442e+00,-1.423317484450121961e+00,-4.804927603601331088e-01
1.643784128054670557e+00,-1.612715368660916804e+00,-4.711326461313066760e-01
1.473417565241365246e+00,-1.790963214597737663e+00,-4.631897472108522651e-01
1.285739192903710082e+00,-1.958246484395277820e+00,-4.572988254515283346e-01
1.081891145627696726e+00,-2.114010506821914603e+00,-4.508969208909309190e-01
8.631254742263004820e-01,-2.256713973054261579e+00,-4.392336509326401073e-01
6.308925946309310584e-01,-2.383775758580236825e+00,-4.177359686051903553e-01
3.869257544729791665e-01,-2.491744439136619249e+00,-3.846929281015408764e-01
1.333123346843583246e-01,-2.576617446367629682e+00,-3.426554915997758188e-01
-1.274534299408840443e-01,-2.634163225269803732e+00,-2.973314407711430407e-01
-3.924399505410123279e-01,-2.660129951725489938e+00,-2.542023709586490599e-01
-6.582741783309729033e-01,-2.650360750465091897e+00,-2.147816469926101812e-01
-9.211699249830129776e-01,-2.600981499354269033e+00,-1.751114043138645437e-01
-1.176996398616388939e+00,-2.508848092235938410e+00,-1.280161094303383928e-01
-1.421395252462863690e+00,-2.372276927357965803e+00,-6.821284752972647802e-02
-1.649953386656309418e+00,-2.191833657714271411e+00,2.903872711537441864e-03
-1.858433010293206733e+00,-1.970817954287282570e+00,7.646159468546440130e-02
-2.043040768876189794e+00,-1.715175951671233046e+00,1.407479466655655320e-01
-2.200683213998985366e+00,-1.432827487239562325e+00,1.886093471632744600e-01
-2.329135398575795435e+00,-1.132635910541735180e+00,2.219332155127869688e-01
-2.427077489569997581e+00,-8.233507576786306403e-01,2.494652139323488560e-01
-2.494015985714973738e+00,-5.127928604461670092e-01,2.802022815230128527e-01
-2.530146150345459866e+00,-2.073811317697950574e-01,3.180309121655068294e-01
-2.536204722972143166e+00,8.804876169224036542e-02,3.607292624287293803e-01
-2.513332053414667477e+00,3.702161226497382995e-01,4.022375744521394791e-01
-2.462943609758364794e+00,6.372147990671467310e-01,4.357744225216134693e-01
-2.386609363926631922e+00,8.882471478867869363e-01,4.564206008644572377e-01
-2.285944826581545186e+00,1.123358032906304649e+00,4.627626444992881671e-01
-2.162520865319542018e+00,1.343222474767731489e+00,4.573545177410903717e-01
-2.017799797389486116e+00,1.548971628262671762e+00,4.458115561431225116e-01
-1.853103721697066719e+00,1.741994532958432762e+00,4.347309682359349337e-01
-1.669618213916485461e+00,1.923656696044245384e+00,4.291136149158586433e-01
-1.470194619293832661e+00,2.063033980184593830e+00,-4.166755242157652028e-02
-1.257673055605042167e+00,2.180571079112264776e+00,-1.244290563153686302e-01
-1.034319590879720918e+00,2.279218582754579892e+00,-1.624597814654765993e-01
-8.020803363768680416e-01,2.359170868000073362e+00,-2.069006788965711829e-01
-5.629123734733256779e-01,2.419046188419164523e+00,-2.563313399063292808e-01
-3.189352090776547133e-01,2.456576048425111125e+00,-3.047553471171521311e-01
-7.250126240759535712e-02,2.469047494732896197e+00,-3.482928132776034191e-01
1.737743310316670620e-01,2.453658556776600719e+00,-3.852182183817208783e-01
4.170126248086354348e-01,2.407873026504883995e+00,-4.155023767256206257e-01
6.541016906602459269e-01,2.329793367581514119e+00,-4.402060843773735188e-01
8.817676044382778411e-01,2.218515562210363612e+00,-4.606097613597156526e-01
1.096688364421273709e+00,2.074406614831170614e+00,-4.773434634322103465e-01
1.295640892492911922e+00,1.899259571715814721e+00,-4.899373807810053494e-01
1.475659520455187890e+00,1.696309845171126929e+00,-4.970446846161432619e-01
1.634181175848003820e+00,1.470107768553644112e+00,-4.972413865300754354e-01
1.769158661949681077e+00,1.226230620141242289e+00,-4.899489707541536676e-01
1.879132273771336958e+00,9.708242626702076050e-01,-4.758677018020566196e-01
1.963254928296959800e+00,7.100314637247587823e-01,-4.565774728482000500e-01
2.021268622020088390e+00,4.494525335070898575e-01,-4.335796502770864480e-01
2.053436873760421832e+00,1.937931604396039842e-01,-4.074926208745647260e-01
2.060448563063145944e+00,-5.324730426041861253e-02,-3.779428682738174006e-01
2.043314388235997647e+00,-2.889149104800614043e-01,-3.441123596274070495e-01
2.003272671926751958e+00,-5.112756333629705496e-01,-3.054666548809282789e-01
1.941711418391143251e+00,-7.190909936667414515e-01,-2.621915294714202149e-01
1.860106547774356134e+00,-9.117011485916483027e-01,-2.151728826146143414e-01
1.759974832152757962e+00,-1.088895330327272370e+00,-1.656563168903960881e-01
1.642841507431639592e+00,-1.250757239624523232e+00,-1.148349759315695773e-01
1.510223439880488572e+00,-1.397492163183162051e+00,-6.356038064877114757e-02
1.363627932846533275e+00,-1.529255660401325878e+00,-1.226157592571755495e-02
1.204565487250565559e+00,-1.646006505017983068e+00,3.893748431598251236e-02
1.034573146200631566e+00,-1.747401970008740202e+00,8.997965101825652900e-02
8.552440094855007224e-01,-1.832745166808090298e+00,1.406292323240901643e-01
6.682581816818840004e-01,-1.900985398120127678e+00,1.903294234479230018e-01
4.754107527752844398e-01,-1.950766833021178259e+00,2.382244750556762047e-01
2.786332305243635066e-01,-1.980520197539504368e+00,2.833325621229317859e-01
8.000573666401344930e-02,-1.988594535442042011e+00,3.247839573778418254e-01
-1.182422814685832879e-01,-1.973425880849907665e+00,3.620084939414124348e-01
-3.137452627086048107e-01,-1.933732622439246152e+00,3.947852354021063048e-01
-5.040314157647018956e-01,-1.868715503637583319e+00,4.231412182424304502e-01
-6.865714641430840093e-01,-1.778231689979350216e+00,4.471629384572065602e-01
-8.588462028322456643e-01,-1.662914645432053584e+00,4.668216397030943154e-01
-1.018428926836424830e+00,-1.524224381468693545e+00,4.818956102103112427e-01
-1.163074416775136788e+00,-1.364427079549687116e+00,4.920161674873025914e-01
-1.290803293318725453e+00,-1.186509337433186539e+00,4.968022794080962923e-01
-1.399970873540206329e+00,-9.940300843481343351e-01,4.960091328654340215e-01
-1.489313204584681083e+00,-7.909140200576826318e-01,4.896093390207550966e-01
-1.557967851694100014e+00,-5.812049439191345757e-01,4.777560389919085493e-01
-1.605471076869671387e+00,-3.688191267168187681e-01,4.606451190456181122e-01
-1.631735392032304555e+00,-1.573466503830315832e-01,4.383717603329512214e-01
-1.637012502295577265e+00,5.007011773895249374e-02,4.109024627333707214e-01
-1.621846898568281015e+00,2.507843116284574347e-01,3.782135762308865834e-01
-1.587025069994164150e+00,4.426433377953349901e-01,3.405196104708875238e-01
-1.533524781465579467e+00,6.239616757653293488e-01,2.984326830765507976e-01
-1.462468384689674439e+00,7.934754848608881472e-01,2.529306207628775338e-01
-1.375083638815763232e+00,9.502748722639696721e-01,2.051363666513406903e-01
-1.272674694948227492e+00,1.093709759406989113e+00,1.560277396319474652e-01
-1.156604617218103259e+00,1.223274400285137231e+00,1.062285115750352948e-01
-1.028289281656541876e+00,1.338485807900614111e+00,5.597623397845094551e-02
-8.892010497107796230e-01,1.438776626324843155e+00,5.267662722839044909e-03
-7.408794889615777368e-01,1.523421521480208929e+00,-4.589837742166938406e-02
-5.849457070516768109e-01,1.591509334370827533e+00,-9.729718118447042152e-02
-4.231166118185296643e-01,1.641964123448669488e+00,-1.483731312242798916e-01
-2.572155996237610598e-01,1.673610213809281655e+00,-1.982930632467204968e-01
-8.917668369433928710e-02,1.685271605501796222e+00,-2.461205659273463520e-01
7.896032780403339224e-02,1.675894305723246935e+00,-2.910169799423104608e-01
2.450654863500643099e-01,1.644679277478162005e+00,-3.323693473684353750e-01
4.069465547286597040e-01,1.591212154591593153e+00,-3.697947134278197767e-01
5.623895044999678294e-01,1.515574342382460804e+00,-4.030437161943015711e-01
7.092104547715440965e-01,1.418420819185211235e+00,-4.318792555642431141e-01
8.453156150544405278e-01,1.301013998450437859e+00,-4.560088196887966960e-01
9.687637584843902250e-01,1.165208877862527137e+00,-4.751054362732364256e-01
1.077824860546670704e+00,1.013389778334943037e+00,-4.888922422807225887e-01
1.171029203174717370e+00,8.483627488690820284e-01,-4.972250264965377697e-01
1.247203015523590253e+00,6.732125476793341390e-01,-5.001086798697339519e-01
1.305488728508218177e+00,4.911406461836660964e-01,-4.976278081234869477e-01
1.345349619448715561e+00,3.053076722034545054e-01,-4.898348746899020556e-01
1.366560046763454883e+00,1.187034809640559879e-01,-4.766801839945361552e-01
1.369183773997503906e+00,-6.594207342456408216e-02,-4.580517644848615122e-01
1.353543904845230683e+00,-2.462087687581215323e-01,-4.339211571604099094e-01
1.320188405090414019e+00,-4.200057175924102881e-01,-4.045103541530937763e-01
1.269855038475363518e+00,-5.855694213817131955e-01,-3.703670808657807401e-01
1.203439026495055852e+00,-7.414415459237649886e-01,-3.322855831982113317e-01
1.121966055539360685e+00,-8.864234382127992307e-01,-2.911046891049028362e-01
1.026572408339823550e+00,-1.019506998842339529e+00,-2.474894541940432513e-01
9.184929478342016562e-01,-1.139789230050786140e+00,-2.018114485056702601e-01
7.990565042695343401e-01,-1.246385404208736114e+00,-1.541868134908785104e-01
6.696871085366129517e-01,-1.338358921174432448e+00,-1.046479188897297130e-01
5.319086948255744574e-01,-1.414683081251558727e+00,-5.335867717304157432e-02
3.873505068466391865e-01,-1.474242683213048410e+00,-7.657751179241112371e-04
2.377505047159085283e-01,-1.515874809828353209e+00,5.238546583661016220e-02
8.495446993549493619e-02,-1.538441596897937247e+00,1.051704680745995935e-01
-6.909097652112206056e-02,-1.540924609211981045e+00,1.566709843397927349e-01
-2.223528150268221371e-01,-1.522529729716739277e+00,2.061290536742415858e-01
-3.727346480611857249e-01,-1.482791263665667936e+00,2.529982318789220086e-01
-5.181091176011449750e-01,-1.421663468215767390e+00,2.968855780358009566e-01
-6.563597884888652256e-01,-1.339588047647867208e+00,3.374398731177902233e-01
-7.854311294839952939e-01,-1.237528818871240555e+00,3.742641687092839176e-01
-9.033833163045665859e-01,-1.116969523453932078e+00,4.069043780065254579e-01
-1.008446921077691405e+00,-9.798754031060142866e-01,4.349119295879216862e-01
-1.099071954659369021e+00,-8.286216653197745474e-01,4.579333765400787071e-01
-1.173966526802019184e+00,-6.658930238462908990e-01,4.757684194583003956e-01
-1.232122190117803884e+00,-4.945609371093874773e-01,4.883609936135212548e-01
-1.272825054484751250e+00,-3.175503258425271258e-01,4.957287594995233304e-01
-1.295653417958453568e+00,-1.377125753062264368e-01,4.978735816055132046e-01
-1.300463835419094716e+00,4.227834329973119420e-02,4.947315083717097606e-01
-1.287368359918751759e+00,2.199963205753652784e-01,4.862028757653388267e-01
-1.256706226850649033e+00,3.932988931293282531e-01,4.722539224875771380e-01
-1.209013503267825529e+00,5.603329110749973863e-01,4.530276692311713260e-01
-1.144994178923833816e+00,7.195148811159998159e-01,4.288834001961799869e-01
-1.065495808110716647e+00,8.694883279018145172e-01,4.003214186248084117e-01
-9.714920641167410498e-01,1.009059961280351692e+00,3.678230488600559012e-01
-8.640734165770391773e-01,1.137120010645085832e+00,3.316974178480504021e-01
-7.444457059878903937e-01,1.252558298086589472e+00,2.920349778169918364e-01
-6.139349534144040721e-01,1.354192717141694535e+00,2.488143532725314022e-01
-4.739956525914508223e-01,1.440727202719161104e+00,2.021210474607880447e-01
-3.262193013791583329e-01,1.510750697089713990e+00,1.523620637365990793e-01
-1.723400895007574096e-01,1.562778956599202518e+00,1.003460619906374196e-01
-1.423528663178097453e-02,1.595331734188331074e+00,4.716301223603633352e-02
1.460813731979750951e-01,1.607033107473093692e+00,-6.087704265691190608e-03
3.064744840438449192e-01,1.596723299897851112e+00,-5.857434877703152076e-02
4.647109458808327265e-01,1.563573061491845939e+00,-1.098561233260852144e-01
6.184941158010504036e-01,1.507192399787188775e+00,-1.597823090858706829e-01
7.655086925193022029e-01,1.427723111577959392e+00,-2.082335640982907743e-01
9.034755473303464068e-01,1.325902040097920453e+00,-2.548688201590297853e-01
1.030213508130902733e+00,1.203082970956506292e+00,-2.990356119179607974e-01
1.143702875394713159e+00,1.061210347294963219e+00,-3.398964154185765141e-01
1.242144344429281233e+00,9.027449529249230720e-01,-3.766858537625356051e-01
1.324007597253054724e+00,7.305476765902411129e-01,-4.089324578476986050e-01
1.388065650968921982e+00,5.477324118317968837e-01,-4.365062882661528976e-01
1.433413108657777268e+00,3.575043668833151611e-01,-4.594689954741869586e-01
1.459468132225378856e+00,1.630043685999369996e-01,-4.778281981118733812e-01
1.465959323012424820e+00,-3.282089244268975026e-02,-4.913562291322196574e-01
1.452900031810679948e+00,-2.273103110628104662e-01,-4.995940771388350798e-01
1.420553873448361371e+00,-4.181396357237582850e-01,-5.020495683133151532e-01
1.369396101401589849e+00,-6.033369512107694677e-01,-4.984771415633463265e-01
1.300075847711184451e+00,-7.812656937407994606e-01,-4.890658749706108255e-01
1.213384077198571775e+00,-9.505740095620397456e-01,-4.744033336474348106e-01
1.110231410864862545e+00,-1.110108282451158113e+00,-4.552073713449945602e-01
9.916385871981722167e-01,-1.258794999771587486e+00,-4.319579677395114503e-01
8.587402023720334121e-01,-1.395506914852328473e+00,-4.046386790114883114e-01
7.127997954575966411e-01,-1.518940789936101377e+00,-3.727652797043720101e-01
5.552319700142490655e-01,-1.627538054210150742e+00,-3.357403058337357082e-01
3.876258267958652137e-01,-1.719471895352388424e+00,-2.933822652773062645e-01
2.117640119498862550e-01,-1.792705638072811469e+00,-2.463377530020000317e-01
2.963306766749052024e-02,-1.845106218680705235e+00,-1.960988378075373684e-01
-1.565771823536883378e-01,-1.874585351297875180e+00,-1.445498385740055236e-01
-3.444857475106848366e-01,-1.879246170020536733e+00,-9.325874556262650494e-02
-5.315440040757162254e-01,-1.857528499575003211e+00,-4.291790533668407570e-02
-7.150712496613957914e-01,-1.808356360761165016e+00,6.722928325006843897e-03
-8.923040911116861817e-01,-1.731286186466517885e+00,5.638324087218901659e-02
-1.060461625491632143e+00,-1.626637536807795437e+00,1.065326801174063254e-01
-1.216825959460418050e+00,-1.495575425506747047e+00,1.568799074337573207e-01
-1.358832668294179369e+00,-1.340117631097845541e+00,2.063817563532620303e-01
-1.484160667128374689e+00,-1.163059819297149966e+00,2.537283945169218624e-01
-1.590809140218157447e+00,-9.678314646406268595e-01,2.979367863652652160e-01
-1.677152363620354913e+00,-7.583038489316341613e-01,3.386387615146969621e-01
-1.741969415249928987e+00,-5.385692849629571954e-01,3.759098070332339558e-01
-1.784450709397035206e+00,-3.127093473397143941e-01,4.098184895891660018e-01
-1.804184656373055917e+00,-8.457481766873280182e-02,4.400215007368853959e-01
-1.801126848206997311e+00,1.423956717115755777e-01,4.656432508431532780e-01
-1.775553884794640824e+00,3.652971229108404327e-01,4.855011291536567297e-01
-1.728005563194918048e+00,5.818132987726886141e-01,4.985780115315731065e-01
-1.659221678461989535e+00,7.902112111476408129e-01,5.045233847937947713e-01
-1.570081545014196722e+00,9.892819179052166900e-01,5.039116310892194361e-01
-1.461554726855968100e+00,1.178228230032157375e+00,4.980598394129128748e-01
-1.334670268812447214e+00,1.356496925734194781e+00,4.884130770195963533e-01
-1.190509072456776396e+00,1.523561379521449544e+00,4.757508191491933713e-01
-1.030220195665539018e+00,1.678679837354571047e+00,4.596248666657797299e-01
-8.550573439341511151e-01,1.820676987769498600e+00,4.384117266135331148e-01
-6.664277757829604187e-01,1.947808471180090484e+00,4.101161019498203997e-01
-4.659437199710414479e-01,2.057754745722251144e+00,3.736451811226072506e-01
-2.554671096763654337e-01,2.147747762116463566e+00,3.298726320915744692e-01
-3.714137367394809708e-02,2.214780202216596994e+00,2.817352807191032538e-01
1.865926743412404942e-01,2.255820831577984631e+00,2.330652417698651779e-01
4.129978323514007510e-01,2.267987553067621675e+00,1.866778286023177136e-01
6.390593852029657906e-01,2.248695838806327174e+00,1.428551039734727579e-01
8.615246083426437718e-01,2.195850117017960734e+00,9.927221133192962177e-02
1.076967884508584161e+00,2.108130557401928229e+00,5.257568474814075521e-02
1.281886557586958242e+00,1.985348537367140898e+00,7.420629704658343595e-04
1.472828073551992967e+00,1.828756714879227863e+00,-5.527391084228941431e-02
1.646539440194115134e+00,1.641172485900255884e+00,-1.117801285957053248e-01
1.800119084678240444e+00,1.426832372427986106e+00,-1.644689031971192927e-01
1.931144962352933092e+00,1.191003034891183310e+00,-2.110229156669706507e-01
2.037756446370536434e+00,9.394651661195839720e-01,-2.523098486212634883e-01
2.118680637030009528e+00,6.780119547227306809e-01,-2.913226541129577685e-01
2.173209293063124381e+00,4.120615489805795062e-01,-3.308117071101693840e-01
2.201142436643329425e+00,1.464093079808782005e-01,-3.713684294018345655e-01
2.202715421396783224e+00,-1.149099507506578383e-01,-4.109970842652660439e-01
2.178520354708532558e+00,-3.686907281247845947e-01,-4.460308116184893423e-01
2.129425784936077815e+00,-6.125789984806485622e-01,-4.726734881274100575e-01
2.056495281889870075e+00,-8.450511353498094680e-01,-4.884897040114469791e-01
1.960907194868846126e+00,-1.065344926875172016e+00,-4.933600730699200243e-01
1.843882101282484198e+00,-1.273334593595089936e+00,-4.895842747953597085e-01
1.706627641465983558e+00,-1.469339326547668856e+00,-4.810392639581709817e-01
1.550310273365723912e+00,-1.653858440337933056e+00,-4.716253412615333263e-01
1.376059895137639710e+00,-1.827242010948717743e+00,-4.635527120688510694e-01
1.185007585521923534e+00,-1.989335076274197478e+00,-4.561954246840588256e-01
9.783505032267139079e-01,-2.139168367735972964e+00,-4.461634766204102265e-01
7.574329475165084702e-01,-2.274788164687162606e+00,-4.288351560842659227e-01
5.238304909207844862e-01,-2.393293457030379656e+00,-4.008556017673018390e-01
2.794257443677763408e-01,-2.491069940281282591e+00,-3.623320595429834201e-01
2.646822515156377342e-02,-2.564115832239637349e+00,-3.172437644793620892e-01
-2.323858250514097001e-01,-2.608319801547927419e+00,-2.714033785897856932e-01
-4.940566613755128511e-01,-2.619624987911515213e+00,-2.288842344084659752e-01
-7.550512599869458885e-01,-2.594156952138037653e+00,-1.891309250214564808e-01
-1.011506672300062748e+00,-2.528492684544962898e+00,-1.469324343776012010e-01
-1.259274568992987620e+00,-2.420196014018340946e+00,-9.580162608161404969e-02
-1.494055402616437656e+00,-2.268546376535573117e+00,-3.294586326579920788e-02
-1.711587774162334208e+00,-2.075183709283479061e+00,3.752358933561592003e-02
-1.907887233379735870e+00,-1.844350811311095351e+00,1.059093931502939900e-01
-2.079502876766019526e+00,-1.582576657327413594e+00,1.626109399381004683e-01
-2.223730899308197451e+00,-1.297889852015940315e+00,2.043092363226957919e-01
-2.338724218045909353e+00,-9.988245124505664707e-01,2.356903822978562990e-01
-2.423480647625833484e+00,-6.935084325348325196e-01,2.653990012401220566e-01
-2.477744406654374565e+00,-3.890194651201800968e-01,3.000040819340580311e-01
-2.501873203204088902e+00,-9.104166263109030044e-02,3.406075085414909109e-01
-2.496704230848377115e+00,1.962391535656793917e-01,3.833038787264467784e-01
-2.463427574181007884e+00,4.700626843388152065e-01,4.217618781138935402e-01
-2.403465672701037725e+00,7.288974103352517941e-01,4.500241461553952105e-01
-2.318360031231266660e+00,9.721921917377275291e-01,4.646533426708100434e-01
-2.209670906517327893e+00,1.200148377457670668e+00,4.658954474028530468e-01
-2.078897633616607621e+00,1.413535518397457613e+00,4.575945053164173215e-01
-1.927426875896313563e+00,1.613513705287338729e+00,4.457994224592124466e-01
-1.756514093304092805e+00,1.801401498051187877e+00,4.364592349822896677e-01
-1.567300281467461476e+00,1.978350692890399776e+00,4.330043504361168472e-01
-1.360862034548531385e+00,2.144942613945227450e+00,4.347480848553669786e-01
-1.138288692731728391e+00,2.300785347084936205e+00,4.369002132139979677e-01
-9.007766254385238813e-01,2.444239949365836218e+00,4.325317176022193122e-01
-6.497295271187681909e-01,2.572394199277757920e+00,4.159725311353125177e-01
-3.868562389729721662e-01,2.681305386143548297e+00,3.860462049729375122e-01
-1.142614971363589138e-01,2.766387520884220574e+00,3.470297853805871524e-01
1.654747220468777424e-01,2.822737832640886957e+00,3.061510399725858589e-01
4.492380998709222251e-01,2.845281459754871456e+00,2.686397386585203106e-01
7.333556372569096649e-01,2.828833474848334362e+00,2.333836920043851071e-01
1.013623634248640881e+00,2.768367208781846500e+00,1.924933084717722342e-01
1.285403277423866841e+00,2.659743742393915866e+00,1.360022994570354304e-01
1.543790220069305441e+00,2.500852975187465077e+00,5.947281275127633271e-02
1.783852988020006913e+00,2.292743022014979815e+00,-3.044296254002634705e-02
2.000926909060654069e+00,2.040180705598128696e+00,-1.172366609564906847e-01
2.189806798788517028e+00,1.731430904557780925e+00,-4.536111996188668671e-01
2.346470317245213266e+00,1.398171719628185761e+00,-4.782611905825479015e-01
2.469056281820431131e+00,1.054248924293842427e+00,-4.617023718343961081e-01
2.557160209659296690e+00,7.116242007802940917e-01,-4.399182680749876839e-01
2.611457837425833262e+00,3.796007816714828675e-01,-4.156217441512569666e-01
2.633385836748795672e+00,6.453461847420334518e-02,-3.887419821352874338e-01
2.624852310590846116e+00,-2.298886727483894776e-01,-3.587398497735111436e-01
2.588009670441172805e+00,-5.020803927650537846e-01,-3.247529601287953982e-01
2.525095971734930167e+00,-7.519230205543064871e-01,-2.859662471635192604e-01
2.438325892038879505e+00,-9.802141854314198044e-01,-2.420122142972306600e-01
2.329814941350260682e+00,-1.188229498589541189e+00,-1.932887913004651959e-01
2.201532379465144018e+00,-1.377411172690488295e+00,-1.410088484518655927e-01
2.055283738309708674e+00,-1.549156769029645497e+00,-8.687029778051172380e-02
1.892721863500002044e+00,-1.704668783353868955e+00,-3.249450871122863682e-02
1.715381280541514508e+00,-1.844834843817569459e+00,2.105677674814895872e-02
1.524728200374374287e+00,-1.970128097488139440e+00,7.343851363691097922e-02
1.322218297650984642e+00,-2.080532784927491718e+00,1.248059807309925551e-01
1.109355539216047903e+00,-2.175503386329316058e+00,1.753684717274265059e-01
8.877468017289584790e-01,-2.253959713802155207e+00,2.249497691737357419e-01
6.591485603373754554e-01,-2.314314888390088143e+00,2.727723663109554719e-01
4.255036399696068283e-01,-2.354537564143894812e+00,3.175718032337354613e-01
1.889673706075323256e-01,-2.372263085137844563e+00,3.579868480184299484e-01
-4.807764929388214092e-02,-2.364976882722061191e+00,3.930291637981849773e-01
-2.830211092807488615e-01,-2.330281810204198223e+00,4.223912176881680081e-01
-5.130447654720955430e-01,-2.266228266507564371e+00,4.464339925131949327e-01
-7.351697713048073179e-01,-2.171650769657922808e+00,4.658596598101735209e-01
-9.463367246055531812e-01,-2.046442115013510588e+00,4.812325550066515190e-01
-1.143517429126046148e+00,-1.891716104257400000e+00,4.925913594503680271e-01
-1.323848639729008569e+00,-1.709846709376981133e+00,4.993589881789358698e-01
-1.484769769515146054e+00,-1.504395553084569181e+00,5.006137717127171483e-01
-1.624142767179053815e+00,-1.279932633800433317e+00,4.955953738483981352e-01
-1.740336047025715205e+00,-1.041736231093191245e+00,4.841699874384585156e-01
-1.832263837070542190e+00,-7.953730741086727507e-01,4.669644314352819903e-01
-1.899382082344315714e+00,-5.462242005879450746e-01,4.450532074870164889e-01
-1.941648306017677905e+00,-2.990794954063764055e-01,4.193759675362355166e-01
-1.959456073737340320e+00,-5.790459562437370866e-02,3.902651848080535002e-01
-1.953556057716701710e+00,1.742048100929983190e-01,3.573975922960340723e-01
-1.924974654991396195e+00,3.949466850454060318e-01,3.201871609094933957e-01
-1.874937874406116700e+00,6.026958216569296978e-01,2.783426185427612110e-01
-1.804804826148154406e+00,7.963918243395297081e-01,2.322361414282550773e-01
-1.716013293039825749e+00,9.754345681410131474e-01,1.828949544180983044e-01
-1.610039245566676991e+00,1.139570742046458696e+00,1.316748515237361195e-01
-1.488371591135509542e+00,1.288760354390742213e+00,7.982972558041975808e-02
-1.352502327678977823e+00,1.423027420227426232e+00,2.819548090549059416e-02
-1.203930821479366253e+00,1.542311810490309076e+00,-2.289094117611259471e-02
-1.044179578955146903e+00,1.646344194077413503e+00,-7.343933307583686010e-02
-8.748178581713144109e-01,1.734563303993839289e+00,-1.235177724098167895e-01
-6.974888370655289993e-01,1.806086941208170593e+00,-1.729692027165060930e-01
-5.139359083897121483e-01,1.859738778912520818e+00,-2.212612281541385395e-01
-3.260240688335203085e-01,1.894125785327828604e+00,-2.675320610619610351e-01
-1.357531337204826993e-01,1.907757748578746471e+00,-3.108007984445012584e-01
5.473981172668618278e-02,1.899199457295385640e+00,-3.502289271929114323e-01
2.431910728886339523e-01,1.867244033868633357e+00,-3.852981811133161516e-01
4.272364420367258386e-01,1.811090962200509358e+00,-4.158233561445628945e-01
6.044544164562586364e-01,1.730507046785335623e+00,-4.418148096722039897e-01
7.724261742875271342e-01,1.625947763519654421e+00,-4.632841614569987998e-01
9.288085725276353788e-01,1.498622328604138465e+00,-4.801047369748597804e-01
1.071413002803265346e+00,1.350494879882502053e+00,-4.919946084796161800e-01
1.198281162120832466e+00,1.184220736727570999e+00,-4.986160322720724070e-01
1.307749521210259003e+00,1.003019631514719512e+00,-4.997188962321256200e-01
1.398496796719010948e+00,8.104929361411804534e-01,-4.952295384058028604e-01
1.469571517570020580e+00,6.104048777924474534e-01,-4.852210210670345747e-01
1.520398948606159095e+00,4.064634935620821676e-01,-4.697885149940620453e-01
1.550768513746918043e+00,2.021409125136662266e-01,-4.489380714461762567e-01
1.560804903635206076e+00,5.560683884782841035e-04,-4.226032697721794351e-01
1.550927828763179583e+00,-1.955836313269651572e-01,-3.908101076954980657e-01
1.521806051597078602e+00,-3.840017164949804385e-01,-3.538856403038909137e-01
1.474310779447332687e+00,-5.628500232843213213e-01,-3.125558434567540234e-01
1.409472408252085307e+00,-7.306865621374748487e-01,-2.678466607241861697e-01
1.328443607967105589e+00,-8.864265735361077647e-01,-2.208327118795995470e-01
1.232470894264598105e+00,-1.029261948668709126e+00,-1.723708131648368502e-01
1.122875892708804946e+00,-1.158555207268063159e+00,-1.229540525713349874e-01
1.001046356434559303e+00,-1.273725006351069000e+00,-7.274572251788416488e-02
8.684357786902912046e-01,-1.374144595352064124e+00,-2.175908731916567640e-02
7.265693826781760567e-01,-1.459071721306072655e+00,2.991286616209518079e-02
5.770535655071484804e-01,-1.527620741408455496e+00,8.192434489774566564e-02
4.215856159848805351e-01,-1.578778859708680260e+00,1.336309528889028930e-01
2.619606990940497315e-01,-1.611461628614370811e+00,1.841785368739391193e-01
1.000735568503057227e-01,-1.624599381138486232e+00,2.326723484612739090e-01
-6.208711768009389509e-02,-1.617245002577145430e+00,2.783406041593349256e-01
-2.224532903675411344e-01,-1.588692252859108089e+00,3.206196191329507839e-01
-3.789025053330556947e-01,-1.538591722751279756e+00,3.591365502921018971e-01
-5.292938361122996316e-01,-1.467049796538019146e+00,3.936215688798679890e-01
-6.715143608666409580e-01,-1.374697105663248431e+00,4.238124202818366326e-01
-8.035337589507969280e-01,-1.262717701517683588e+00,4.494061812436268566e-01
-9.234625560603186845e-01,-1.132836470700642417e+00,4.700758695441419333e-01
-1.029608154668423259e+00,-9.872669121488667487e-01,4.855293882319057230e-01
-1.120522784347034007e+00,-8.286232187198568910e-01,4.955679933308329010e-01
-1.195038943253101005e+00,-6.598021194193873784e-01,5.001075765207855239e-01
-1.252290120678177354e+00,-4.838442795739902880e-01,4.991505444786622503e-01
-1.291716727860401592e+00,-3.037914920693120524e-01,4.927266305446192929e-01
-1.313058718312302142e+00,-1.225592413660480523e-01,4.808447908060696774e-01
-1.316337326765291360e+00,5.715994267414166441e-02,4.635000862787802545e-01
-1.301828879387018967e+00,2.329568977172654098e-01,4.407489186783760671e-01
-1.270033876481537982e+00,4.027336057812361259e-01,4.128152637209961950e-01
-1.221644601946290765e+00,5.647047603877374256e-01,3.801557075566063260e-01
-1.157514385109277955e+00,7.173769171689999835e-01,3.434246796609227159e-01
-1.078631259531200870e+00,8.595059723684909114e-01,3.033402936440862119e-01
-9.860980349490795493e-01,9.900344678078337735e-01,2.605160311242568083e-01
-8.811197346154326926e-01,1.108015007899320947e+00,2.153497285358863811e-01
-7.649981252044322222e-01,1.212531871977766462e+00,1.680326993218298204e-01
-6.391319370898502772e-01,1.302636125138685097e+00,1.186771731545544772e-01
-5.050205540796446346e-01,1.377308178718485765e+00,6.749674223273668949e-02
-3.642685468516904113e-01,1.435456192030746925e+00,1.494586412500606420e-02
-2.185884201025924956e-01,1.475951238981995539e+00,-3.825424506790855994e-02
-6.979923225100193029e-02,1.497693694038915391e+00,-9.121503952680601324e-02
8.018083639466655477e-02,1.499701624229136110e+00,-1.430490622495962649e-01
2.293494914398961360e-01,1.481210831444360165e+00,-1.930151980348206175e-01
3.756440623745429530e-01,1.441775930823172791e+00,-2.405672810135143502e-01
5.169745979595192775e-01,1.381361329108709901e+00,-2.852945165213923717e-01
6.512659864085497130e-01,1.300410684974279141e+00,-3.268081912546484391e-01
7.765072850212806355e-01,1.199884790123549427e+00,-3.646578208618694861e-01
8.908047644140606458e-01,1.081261332347546178e+00,-3.983347579922088544e-01
9.924339523204619429e-01,9.464946489735533985e-01,-4.273603423311317373e-01
1.079885764657475544e+00,7.979379800193430183e-01,-4.513984768266051661e-01
1.151902691846046434e+00,6.382347976863494976e-01,-4.703149811170678207e-01
1.207502512363804570e+00,4.701903879148206511e-01,-4.841388444855400097e-01
1.245988591645383448e+00,2.966395488291587168e-01,-4.929433560739201470e-01
1.266947243083105912e+00,1.203281863896722009e-01,-4.967194635878772191e-01
1.270233879338070082e+00,-5.617712817588775553e-02,-4.953248475279440344e-01
1.255950728799972715e+00,-2.305460291564857545e-01,-4.885496227178666162e-01
1.224419566200060761e+00,-4.007103063070351356e-01,-4.762661513778044808e-01
1.176153089345211455e+00,-5.648648746985999169e-01,-4.585719941922735687e-01
1.111828322172736305e+00,-7.214476820937730794e-01,-4.358317108293806585e-01
1.032264862508918135e+00,-8.690991674770353059e-01,-4.085807481062363467e-01
9.384099634505568277e-01,-1.006601820431918926e+00,-3.773386285386567396e-01
8.313313215863505912e-01,-1.132804931543837990e+00,-3.424376217727927996e-01
7.122171066170884801e-01,-1.246546396201408280e+00,-3.039714336200535216e-01
5.823814305391201707e-01,-1.346588317955989433e+00,-2.619056383504104746e-01
4.432724442023474598e-01,-1.431582839379234473e+00,-2.163001461662946989e-01
2.964798362090006467e-01,-1.500078413533315613e+00,-1.675233515338777901e-01
1.437387711056090644e-01,-1.550567093089131321e+00,-1.163309083255771592e-01
-1.307193628556357901e-02,-1.581564800856900321e+00,-6.375124934877365868e-02
-1.719387318311904611e-01,-1.591712526236795044e+00,-1.083111869346456424e-02
-3.307300438837803558e-01,-1.579887034324918504e+00,4.161926529101375727e-02
-4.872214315076257574e-01,-1.545311717330447587e+00,9.313837528358245854e-02
-6.391299426932397498e-01,-1.487658370860378776e+00,1.435258126156452041e-01
-7.841583154337528061e-01,-1.407128936944687547e+00,1.926194363845280255e-01
-9.200485640881110871e-01,-1.304505736258940951e+00,2.400798531324238316e-01
-1.044642380786093172e+00,-1.181162051402891544e+00,2.853105935088063871e-01
-1.155943415536575758e+00,-1.039031079810879499e+00,3.275487783285723209e-01
-1.252175133154034503e+00,-8.805363846009744977e-01,3.660541726955653941e-01
-1.331828390926548922e+00,-7.084886919275900086e-01,4.002747328514101310e-01
-1.393694813913275654e+00,-5.259543830516052454e-01,4.298982716029325912e-01
-1.436884314012382591e+00,-3.361044950117053065e-01,4.547788621780693985e-01
-1.460826784992107052e+00,-1.420598961797613913e-01,4.747982537409950465e-01
-1.465259098217792877e+00,5.324668812814421781e-02,4.897537628067095694e-01
-1.450199560091241624e+00,2.471735372335127079e-01,4.993485132563887374e-01
-1.415913252425499147e+00,4.374286062771124972e-01,5.033025553546605080e-01
-1.362872902734581837e+00,6.220842899669952741e-01,5.015239379362367300e-01
-1.291720674494948762e+00,7.995523983132136747e-01,4.942217582327356196e-01
-1.203236245553680250e+00,9.685223493883990953e-01,4.818565531597113205e-01
-1.098315660535442051e+00,1.127864908863750903e+00,4.649148796943504136e-01
-9.779637041125675001e-01,1.276508245347435233e+00,4.436159426136708772e-01
-8.433000955615528316e-01,1.413302711207669260e+00,4.177337779364148629e-01
-6.955770637902116693e-01,1.536901019606847774e+00,3.866931917374029082e-01
-5.362035103016611348e-01,1.645684460360352874e+00,3.499642453986478996e-01
-3.667697480774407826e-01,1.737757879457358490e+00,3.075906407441334478e-01
-1.890671212096901588e-01,1.811016620355991202e+00,2.605475613860360751e-01
-5.098409603999654038e-03,1.863266448859998592e+00,2.106506845289598251e-01
1.829230303802666935e-01,1.892366392726563928e+00,1.599681682794490134e-01
3.725859162553397663e-01,1.896372053359277166e+00,1.100089579122716932e-01
5.613056434515930615e-01,1.873676132764683144e+00,6.115436411558836105e-02
7.463617634849366578e-01,1.823155816735084533e+00,1.270100221799527751e-02
9.249502297594738298e-01,1.744330060428982199e+00,-3.647426371300102610e-02
1.094251947203302988e+00,1.637507621048971407e+00,-8.700961752209682154e-02
1.251516299262529497e+00,1.503887246308673431e+00,-1.384644166016261446e-01
1.394153456070793773e+00,1.345572054092380787e+00,-1.894053536260830450e-01
1.519824847262138734e+00,1.165482541142072170e+00,-2.381051565052711150e-01
1.626520082935620559e+00,9.671823759410428378e-01,-2.833744807027801516e-01
1.712611713611515540e+00,7.546508352609072601e-01,-3.249652977999321068e-01
1.776884537184333368e+00,5.320390553036932202e-01,-3.633106537191227448e-01
1.818540610458792450e+00,3.034398352236616359e-01,-3.988375396266273798e-01
1.837183176223469161e+00,7.269064880573224141e-02,-4.313333995464222470e-01
1.832783037830864714e+00,-1.567795921226854960e-01,-4.597410030684915272e-01
1.805630927133705876e+00,-3.820568268504446752e-01,-4.824713027448100933e-01
1.756279949998520662e+00,-6.008017899562007047e-01,-4.980637460387004056e-01
1.685483349350837878e+00,-8.112624724983562574e-01,-5.058719509062444830e-01
1.594134291193336050e+00,-1.012232406359299342e+00,-5.064301186249028364e-01
1.483215514037926175e+00,-1.202944837422718516e+00,-5.012769507065587549e-01
1.353766591638055461e+00,-1.382898003179161117e+00,-4.922537357209623154e-01
1.206874550209452668e+00,-1.551621861406790481e+00,-4.805597847968644531e-01
1.043689655190639831e+00,-1.708418461541678868e+00,-4.660226764359310936e-01
8.654631491664781517e-01,-1.852129539031796890e+00,-4.470270011036038271e-01
6.735990288290740757e-01,-1.980994260484865821e+00,-4.212946272302576789e-01
4.697092662981652289e-01,-2.092643870307067999e+00,-3.872597136823446862e-01
2.556622543564441852e-01,-2.184234495266683673e+00,-3.453266574106922393e-01
3.361723270466021596e-02,-2.252664290956154503e+00,-2.981707431771570826e-01
-1.939587468135737236e-01,-2.294795250477758231e+00,-2.496792301257403646e-01
-4.242920130585823291e-01,-2.307630133109158876e+00,-2.029837071022956574e-01
-6.543217033352830558e-01,-2.288464311009244412e+00,-1.587494980663894106e-01
-8.807391467432934551e-01,-2.235084730575312761e+00,-1.148959491827074297e-01
-1.100051847735844968e+00,-2.146071815278832062e+00,-6.809947520375661534e-02
-1.308678499944032625e+00,-2.021175234976556823e+00,-1.624588540484697696e-02
-1.503078719857971146e+00,-1.861641493668141800e+00,3.976871865776385184e-02
-1.679911355008766760e+00,-1.670345320120555366e+00,9.622966876558333715e-02
-1.836199992636613709e+00,-1.451643614883751932e+00,1.488262579111630790e-01
-1.969472657283441341e+00,-1.210984056089296823e+00,1.953729154418038794e-01
-2.077846393167083860e+00,-9.543848845196533093e-01,2.369679746703024781e-01
-2.160047803245729980e+00,-6.879164518954735685e-01,2.767615478173962584e-01
-2.215383107480163538e+00,-4.172727027979041270e-01,3.174578379610960566e-01
-2.243679735465216929e+00,-1.474646702128927234e-01,3.594312477807716233e-01
-2.245214757410368911e+00,1.173663775207368226e-01,4.004345933721776829e-01
-2.220635197544488015e+00,3.740276306774459880e-01,4.366302687160538154e-01
-2.170871146662443962e+00,6.202618663162872137e-01,4.641772899940218577e-01
-2.097044800736049375e+00,8.546705343408315114e-01,4.807239938709199079e-01
-2.000382359933903231e+00,1.076601806234600778e+00,4.863429514714238122e-01
-1.882137943945464409e+00,1.286013538779440912e+00,4.835751124015058577e-01
-1.743538770129443138e+00,1.483295501291870044e+00,4.764874042543948418e-01
-1.585759057373361758e+00,1.669025898129815166e+00,4.690178281340234845e-01
-1.409926705045787765e+00,1.843654136644209407e+00,4.632195102486872385e-01
-1.217162113360788611e+00,2.007139976556715943e+00,4.581609209522977677e-01
-1.008643214208351013e+00,2.158624429201424277e+00,4.501207014900455716e-01
-7.856862464791520839e-01,2.296235428035823922e+00,4.342792156292983874e-01
-5.498301372934781828e-01,2.417109092131398462e+00,4.073508525113876955e-01
-3.029145662673615735e-01,2.517621745774827335e+00,3.697977210158523986e-01
-4.714578414586800825e-02,2.593720004488457409e+00,3.260681951590161942e-01
2.148536644056375788e-01,2.641193858325575405e+00,2.822404162008415041e-01
4.800163084502748756e-01,2.655819753177167009e+00,2.421757034747214765e-01
7.448300061194037536e-01,2.633464821314991156e+00,2.046052748750451789e-01
1.005377459523534744e+00,2.570358552405441088e+00,1.633886251737440565e-01
1.257425842336983957e+00,2.463682512339367747e+00,1.113654232676733746e-01
1.496573593872579266e+00,2.312403417163665154e+00,4.575803189442137486e-02
1.718452973234230186e+00,2.118034427637359940e+00,-2.845056557183514578e-02
1.918975004545508734e+00,1.884946117214139738e+00,-1.000645248504074269e-01
2.094586907151240407e+00,1.620020309590783247e+00,-1.580091766547130627e-01
2.242492665668405216e+00,1.331731586112276267e+00,-1.983766858498913488e-01
2.360780896191558398e+00,1.028982901635559832e+00,-2.266145980343853561e-01
2.448429204886708455e+00,7.200908949360086408e-01,-2.530138271519791759e-01
2.505202149738242845e+00,4.121702516711439057e-01,-2.856239330810846910e-01
2.531495903650234247e+00,1.109055309665743644e-01,-3.261536129368290959e-01
2.528182231537627889e+00,-1.794604603145783517e-01,-3.704735643845121773e-01
2.496476015950411576e+00,-4.560546568732865569e-01,-4.116258845381156606e-01
2.437822688395768544e+00,-7.172462964087423787e-01,-4.429444033943755743e-01
2.353793787263878556e+00,-9.624625449087692575e-01,-4.602945896435005624e-01
2.245987382892970619e+00,-1.191973681725004619e+00,-4.632847770415838839e-01
2.115941182865046954e+00,-1.406678647770398749e+00,-4.553399899275279994e-01
1.965070663681463214e+00,-1.607887488603934267e+00,-4.425416780943197681e-01
1.794642246660667961e+00,-1.797065306750752933e+00,-4.314617031834916405e-01
1.607552081552328982e+00,-1.944317933713982649e+00,3.314475438163352883e-02
1.406587875066927840e+00,-2.070105976073870480e+00,1.114696782566707289e-01
1.193911963411006472e+00,-2.177710395692184164e+00,1.444903508350801891e-01
9.713485256364251530e-01,-2.267799315682941241e+00,1.849854181361604011e-01
7.407041240584681940e-01,-2.339520714769870224e+00,2.321864222938171129e-01
5.039178909492227909e-01,-2.391096850017644826e+00,2.803120921911482766e-01
2.631341104877396031e-01,-2.420176131650811691e+00,3.254973493567615561e-01
2.073613563727527698e-02,-2.424110729320569035e+00,3.656414217987443704e-01
-2.206439052638240472e-01,-2.400256126774287679e+00,3.998954575293919289e-01
-4.581380963364407588e-01,-2.346322075291185527e+00,4.283631863551659036e-01
-6.886835833190743106e-01,-2.260743574368969888e+00,4.517234887057267612e-01
-9.090973509318531764e-01,-2.143005312455283473e+00,4.706917362369534841e-01
-1.116186307323239868e+00,-1.993858231285335458e+00,4.854977850338809686e-01
-1.306885403923047528e+00,-1.815402717720848935e+00,4.956455190605123517e-01
-1.478406910515521533e+00,-1.611047388337455866e+00,5.001103975421824499e-01
-1.628377611938077729e+00,-1.385355043935829977e+00,4.978993871104319124e-01
-1.754941802236051673e+00,-1.143762607907062412e+00,4.886714996981095238e-01
-1.856816899214522865e+00,-8.921590518499710187e-01,4.730367516120236315e-01
-1.933300001521058187e+00,-6.363655800606641266e-01,4.523093824377423244e-01
-1.984232050538631720e+00,-3.816457697797288051e-01,4.278366179524323298e-01
-2.009930756190147605e+00,-1.323858163365462803e-01,4.003234530526026402e-01
-2.011105774453928241e+00,1.080017588430218362e-01,3.695849859723477904e-01
-1.988769394674307245e+00,3.370060849547458770e-01,3.348640732592212954e-01
-1.944152587953859035e+00,5.528768897933246107e-01,2.954794624062583308e-01
-1.878631720843041863e+00,7.544848702656991035e-01,2.513898249596547840e-01
-1.793668283624078486e+00,9.412010829706501935e-01,2.033698452171062987e-01
-1.690763089929318896e+00,1.112779996978104924e+00,1.527664973164160889e-01
-1.571426174826052291e+00,1.269228005803825665e+00,1.010289827994153844e-01
-1.437162875063510592e+00,1.410653606150514383e+00,4.927204081742328490e-02
-1.289475240002220469e+00,1.537111442575293863e+00,-1.940050092426620632e-03
-1.129876478619184832e+00,1.648461566863048011e+00,-5.253257616382459028e-02
-9.599149626464502649e-01,1.744265890722018097e+00,-1.026483641128425328e-01
-7.812034967298895349e-01,1.823737578089996925e+00,-1.523071229254970016e-01
-5.954492157886204229e-01,1.885749308539894864e+00,-2.011551536460462197e-01
-4.044796967817372302e-01,1.928897159033666542e+00,-2.484174531273712072e-01
-2.102616158378920463e-01,1.951611669467520960e+00,-2.930668608332683833e-01
-1.490911764663604977e-02,1.952306513651066444e+00,-3.341164157021349057e-01
1.793205458322384427e-01,1.929554506954286763e+00,-3.708791640853245086e-01
3.700466643927928789e-01,1.882276771981661545e+00,-4.030646591587939698e-01
5.548024367967203663e-01,1.809924389514977028e+00,-4.306800847149899747e-01
7.310910201815017384e-01,1.712627930765542095e+00,-4.538134595514949909e-01
8.964579781183485974e-01,1.591293494474159465e+00,-4.724309449760372148e-01
1.048573751901742623e+00,1.447633016105804193e+00,-4.862965821790626864e-01
1.185316793726559403e+00,1.284125299425054711e+00,-4.950448291530317180e-01
1.304847691102818841e+00,1.103908097247817244e+00,-4.983481199868516898e-01
1.405666871604047907e+00,9.106046290071495575e-01,-4.960652002495652413e-01
1.486651679732447384e+00,7.080987879347072633e-01,-4.882649622726030758e-01
1.547071271287686400e+00,5.002922841870346415e-01,-4.751051198861492297e-01
1.586579827174884327e+00,2.908896347988230713e-01,-4.566613842838914694e-01
1.605190777995280094e+00,8.324727177687470114e-02,-4.328590490184726081e-01
1.603236964068114556e+00,-1.197060291387563175e-01,-4.035920965997138454e-01
1.581322896022941293e+00,-3.154966706377388408e-01,-3.689667532262933536e-01
1.540274953848384420e+00,-5.021060527957709185e-01,-3.294984475404066915e-01
1.481094087293783446e+00,-6.779529485817531453e-01,-2.861139609954480578e-01
1.404914336170932643e+00,-8.418529343673438747e-01,-2.399422374662211477e-01
1.312969612983661216e+00,-9.929460087558156234e-01,-1.920113349078153286e-01
1.206570392330536867e+00,-1.130592898991780837e+00,-1.430137783139261709e-01
1.087090918956211016e+00,-1.254253651123877100e+00,-9.324812073139301938e-02
9.559662895241016756e-01,-1.363370282506878306e+00,-4.274478519770955054e-02
8.146975267585214731e-01,-1.457275329882804948e+00,8.500517747019070702e-03
6.648618117467526289e-01,-1.535141586968478800e+00,6.029983234091215727e-02
5.081245377950849296e-01,-1.595978899300123155e+00,1.121512856268747915e-01
3.462498435697882737e-01,-1.638675408663885280e+00,1.632663099762535486e-01
1.811066818855648908e-01,-1.662075525872527715e+00,2.127191149965409200e-01
1.466805220710898361e-02,-1.665085067416332665e+00,2.596380455627124162e-01
-1.509984925068927897e-01,-1.646793222438599935e+00,3.033468843488787980e-01
-3.137506417166051609e-01,-1.606599213583619568e+00,3.433996219592597710e-01
-4.714026201972607577e-01,-1.544328923118879482e+00,3.795136198805718619e-01
-6.217682733880314228e-01,-1.460325930962911523e+00,4.114577174676793403e-01
-7.627145374720607496e-01,-1.355504602159417482e+00,4.389656269588567694e-01
-8.922216086323941919e-01,-1.231359330832438426e+00,4.617178208511160120e-01
-1.008444076985409277e+00,-1.089930282492883373e+00,4.793886703192623555e-01
-1.109766446963163178e+00,-9.337290638820016087e-01,4.917193226143109497e-01
-1.194847317061461078e+00,-7.656286859502189346e-01,4.985682102700036422e-01
-1.262648651851287385e+00,-5.887250353326775043e-01,4.999087760208266173e-01
-1.312449078648266765e+00,-4.061838216662413958e-01,4.957761751536747807e-01
-1.343842152609390661e+00,-2.210936902329711518e-01,4.861980712051757747e-01
-1.356721810159702502e+00,-3.634611184180529253e-02,4.711629970942777801e-01
-1.351257939606619773e+00,1.454462581869771509e-01,4.506652325519507896e-01
-1.327865354948611243e+00,3.219930574789964806e-01,4.248155347480445654e-01
-1.287169588933175790e+00,4.913388024576955115e-01,3.939515686554057039e-01
-1.229972882335151896e+00,6.518510226236581273e-01,3.586655490481359676e-01
-1.157223510305637193e+00,8.021859194746222554e-01,3.197099101792230114e-01
-1.069991039157747403e+00,9.412315582266533864e-01,2.778181430164349264e-01
-9.694491705173933216e-01,1.068031796217368656e+00,2.335344248069145257e-01
-8.568665953896374976e-01,1.181700552004228966e+00,1.871454105477166896e-01
-7.336049931774744071e-01,1.281341520505114628e+00,1.387531540820628739e-01
-6.011222375332672119e-01,1.365989757783217629e+00,8.845306115586989981e-02
-4.609781893916851114e-01,1.434587766829314992e+00,3.652561176176302715e-02
-3.148402213909162750e-01,1.486001338204985478e+00,-1.645683335510486622e-02
-1.644857706790021634e-01,1.519072477929391374e+00,-6.966221759914251188e-02
-1.179961461256762156e-02,1.532701137788135659e+00,-1.221496070081659335e-01
1.412359785215471231e-01,1.525945114608867170e+00,-1.730546714044997325e-01
2.925596727158754629e-01,1.498127164583536119e+00,-2.217108124978139083e-01
4.400590966549662308e-01,1.448938187853276771e+00,-2.676504226443895407e-01
5.816088163843493586e-01,1.378524734698268750e+00,-3.105057229088600268e-01
7.151173182309100707e-01,1.287549285010660460e+00,-3.498876302597341281e-01
8.385803249640615409e-01,1.177214133504612681e+00,-3.853279489923738810e-01
9.501360814206847305e-01,1.049244080169168702e+00,-4.163229770200312929e-01
1.048117364805942753e+00,9.058279241438568219e-01,-4.424471936540693706e-01
1.131095312111490392e+00,7.495230008713792413e-01,-4.634582939877819330e-01
1.197911486513609347e+00,5.831313721512055848e-01,-4.793188329580192475e-01
1.247696305502529635e+00,4.095615441923035616e-01,-4.901125484291607437e-01
1.279873544731686463e+00,2.316940338164490965e-01,-4.959027165531298964e-01
1.294152011909682098e+00,5.226890655652900730e-02,-4.966225379366139281e-01
1.290506695830576867e+00,-1.261932909748414988e-01,-4.920744264752318076e-01
1.269152633282945475e+00,-3.014357371735984503e-01,-4.820498157991411903e-01
1.230515210433893003e+00,-4.714802246910371752e-01,-4.665020704687680153e-01
1.175200581382498832e+00,-6.346188142162249024e-01,-4.456640437105195973e-01
1.103969473460254092e+00,-7.893845350959179941e-01,-4.200288601667000465e-01
1.017716969599610444e+00,-9.345006592773855703e-01,-3.901932152563648559e-01
9.174599072786975285e-01,-1.068810143013057656e+00,-3.566471476663483076e-01
8.043322938238701703e-01,-1.191193254398005275e+00,-3.196315255389922116e-01
6.795877325236902022e-01,-1.300488414447588115e+00,-2.791525107158011609e-01
5.446065693300399246e-01,-1.395434536590760333e+00,-2.351576969863035382e-01
4.009046378252580922e-01,-1.474650180256278142e+00,-1.877856574870310491e-01
2.501403157590764703e-01,-1.536656343999809993e+00,-1.375504530448143081e-01
9.411709164925641247e-02,-1.579939437919490652e+00,-8.534883782963934018e-02
-6.522029443233168244e-02,-1.603043599074900571e+00,-3.227381907589435550e-02
-2.257972462786324019e-01,-1.604679533466696784e+00,2.066815700794219501e-02
-3.854289344439416620e-01,-1.583838918186657674e+00,7.277889180526639357e-02
-5.418488855403522653e-01,-1.539905133622014199e+00,1.237071194810635821e-01
-6.927473994178303673e-01,-1.472750364703813597e+00,1.732940825345491154e-01
-8.358201633093627070e-01,-1.382807440118547726e+00,2.213321056484101879e-01
-9.688258350193048596e-01,-1.271105691518999103e+00,2.673880303442172091e-01
-1.089648925959995518e+00,-1.139264996348892334e+00,3.107918110851056737e-01
-1.196362119650765221e+00,-9.894484038140075599e-01,3.507803259691780751e-01
-1.287281461197939736e+00,-8.242774659638262280e-01,3.866934003654119989e-01
-1.361009062461864483e+00,-6.467150981964487899e-01,4.181012682220267562e-01
-1.416460301313214432e+00,-4.599222612717090430e-01,4.448001778581368582e-01
-1.452874700424659382e+00,-2.671003010136578371e-01,4.666969642655754980e-01
-1.469811129104775071e+00,-7.133801898259244101e-02,4.836634776503484501e-01
-1.467128976316822930e+00,1.245151826303024373e-01,4.954554186273963934e-01
-1.444958026700651432e+00,3.179350099219016568e-01,5.017557040711676519e-01
-1.403661007033258246e+00,5.067625449487261902e-01,5.023293297501209009e-01
-1.343793790276224920e+00,6.892024300148608118e-01,4.971963976746093250e-01
-1.266068668019302956e+00,8.637833590307905096e-01,4.866956609531268851e-01
-1.171325746718602234e+00,1.029283063428310774e+00,4.713598944135765079e-01
-1.060516330405216978e+00,1.184620662221298693e+00,4.516391657253063796e-01
-9.347001535704066999e-01,1.328725990901477472e+00,4.276217571589694399e-01
-7.950557504844886214e-01,1.460406293996747484e+00,3.989422592118810895e-01
-6.429006092568292363e-01,1.578239507808994579e+00,3.649950084201901701e-01
-4.797157906605413746e-01,1.680523376054033013e+00,3.254060839744096212e-01
-3.071690392725197061e-01,1.765296998933022943e+00,2.805338752980642836e-01
-1.271312466166627519e-01,1.830429612824893804e+00,2.316825429752736587e-01
5.831705095414529971e-02,1.873751965292753008e+00,1.808195078756707763e-01
2.468905647078141197e-01,1.893201232699822212e+00,1.298704828421886892e-01
4.361158723484621635e-01,1.886963508696142489e+00,7.995938039916680729e-02
6.233602197902288200e-01,1.853616294875015447e+00,3.105018518929622551e-02
8.058739322197798760e-01,1.792279584370237044e+00,-1.776215923929416740e-02
9.808484600856848257e-01,1.702770840718800249e+00,-6.745883905832275595e-02
1.145490769801769115e+00,1.585736744123950492e+00,-1.182735789093342371e-01
1.297110939540084384e+00,1.442722256211529830e+00,-1.693457190636184218e-01
1.433214794192330777e+00,1.276147043287609639e+00,-2.190633340258020534e-01
1.551590086683107383e+00,1.089185252692294048e+00,-2.658580574549179731e-01
1.650375385632913527e+00,8.855704819436932551e-01,-3.089086482266917288e-01
1.728105106701716798e+00,6.693606077004136123e-01,-3.482901144126994142e-01
1.783729298188678314e+00,4.446964645869380672e-01,-3.845164802419961392e-01
1.816610256363405895e+00,2.155811786539130748e-01,-4.178335771180502478e-01
1.826499305867836487e+00,-1.430176228696404539e-02,-4.477259509371097623e-01
1.813497290426072439e+00,-2.417228189945587746e-01,-4.729113765329105989e-01
1.778002631667271238e+00,-4.639922104268558445e-01,-4.918089932481467530e-01
1.720651615216188368e+00,-6.789992942114119190e-01,-5.032414065298570494e-01
1.642256759707316327e+00,-8.852037572574539270e-01,-5.070235449449685960e-01
1.543750383962103179e+00,-1.081570477956006693e+00,-5.041253154241093215e-01
1.426141139015686621e+00,-1.267438731969985577e+00,-4.962735117638931159e-01
1.290490463490122863e+00,-1.442325423252114769e+00,-4.851222850720563473e-01
1.137913173354075269e+00,-1.605680485702123628e+00,-4.713592750452778590e-01
9.696020064535293415e-01,-1.756635230298321249e+00,-4.542153664240703437e-01
7.868709734562931990e-01,-1.893802225306506992e+00,-4.317359846987020022e-01
5.912083923449972245e-01,-2.015185593115421447e+00,-4.018345794270291593e-01
3.843290062188247092e-01,-2.118232561524907354e+00,-3.636790768068937085e-01
1.682161046063290755e-01,-2.200005434714218389e+00,-3.186149089415099001e-01
-5.485195220357463874e-02,-2.257406536777700978e+00,-2.699217501407790154e-01
-2.822928868450347295e-01,-2.287384152714571073e+00,-2.213335406375637471e-01
-5.112294575585438761e-01,-2.287095828344819282e+00,-1.750921950720371323e-01
-7.385166648976653203e-01,-2.254071969272855469e+00,-1.307582072629191183e-01
-9.607900413556575980e-01,-2.186449491822447300e+00,-8.565773949543600829e-02
-1.174540658728428832e+00,-2.083299717506086779e+00,-3.683441687004065934e-02
-1.376222724755571614e+00,-1.944983080096396089e+00,1.668031245354026360e-02
-1.562394030043748439e+00,-1.773395681109965816e+00,7.282866496201276241e-02
-1.729877052043990782e+00,-1.571986372492416573e+00,1.275697989577889435e-01
-1.875914022984593421e+00,-1.345512019715547902e+00,1.773910853344585481e-01
-1.998283585855099576e+00,-1.099600141629127004e+00,2.214614828351340881e-01
-2.095357963406545565e+00,-8.402396467578033823e-01,2.617935036474062782e-01
-2.166101933952018221e+00,-5.733077505300682164e-01,3.014127296905070308e-01
-2.210031657748758427e+00,-3.041941836629843965e-01,3.420681606176668721e-01
-2.227152487367498601e+00,-3.754094765889541552e-02,3.830260044720102952e-01
-2.217885822887439851e+00,2.229045351008929754e-01,4.213588682456713697e-01
-2.182987535051162276e+00,4.743327175164909204e-01,4.532155418173243744e-01
-2.123459735138786719e+00,7.148326635435536813e-01,4.753677984121748024e-01
-2.040460979166089039e+00,9.433010339349666706e-01,4.864832906477499774e-01
-1.935223086139464366e+00,1.159322101473653666e+00,4.877049435492563090e-01
-1.808983911686955937e+00,1.363017033725261618e+00,4.822785191942199345e-01
-1.662944655022274398e+00,1.554840659927559932e+00,4.742810833571081686e-01
-1.498257789308335974e+00,1.735306382912646717e+00,4.668814661923715859e-01
-1.316047715701836873e+00,1.904647083669358087e+00,4.608268805098231224e-01
-1.117461198641754416e+00,2.062462403774653730e+00,4.538816202248651122e-01
-9.037394751116922809e-01,2.207442551951221965e+00,4.416903279778122693e-01
-6.763004284783697972e-01,2.337267052075903351e+00,4.199563407143455107e-01
-4.368192860392190457e-01,2.448726106981973238e+00,3.870086923443477600e-01
-1.872996919358176360e-01,2.538010555749251385e+00,3.452336921957152027e-01
6.986943176482429685e-02,2.601029518945765506e+00,3.001369826187375578e-01
3.318750451682859204e-01,2.633626014681099914e+00,2.571657267087762433e-01
5.954648928243055916e-01,2.631687230355608698e+00,2.180736447793777122e-01
8.569647131012294583e-01,2.591300222796608210e+00,1.793040101765467076e-01
1.112338434050913039e+00,2.509149122884524630e+00,1.339034602218188430e-01
1.357301181164223491e+00,2.383213234940033232e+00,7.627010744767201422e-02
1.587489094171288251e+00,2.213579870931623006e+00,6.895928423115232908e-03
1.798679531394136388e+00,2.003015506214753216e+00,-6.632262062795848956e-02
1.987041040870946684e+00,1.756984880332977061e+00,-1.318754084321273334e-01
2.149374377413157511e+00,1.483043611057501598e+00,-1.816288362307762194e-01
2.283291402237000334e+00,1.189804103740156327e+00,-2.159906445897280813e-01
2.387286262911008095e+00,8.858386164378780903e-01,-2.429819847858684378e-01
2.460689986986374755e+00,5.788541448543663703e-01,-2.721607570958336497e-01
2.503543417485445399e+00,2.752679441818076111e-01,-3.086658207740217152e-01
2.516442611279378294e+00,-1.991194351762730352e-02,-3.513261709980045611e-01
2.500396287185726596e+00,-3.030621972278348397e-01,-3.945060387552149495e-01
2.456705554010543580e+00,-5.718556348676903101e-01,-4.312432756907017550e-01
2.386857216644780344e+00,-8.251151340582901783e-01,-4.559556265362704197e-01
2.292422302689561597e+00,-1.062620230653015918e+00,-4.662046134078084991e-01
2.174961952823812439e+00,-1.284897472696260090e+00,-4.634034586090979291e-01
2.035951157235697195e+00,-1.493009933472928319e+00,-4.523268272054156158e-01
1.876732106123501387e+00,-1.688325638194557721e+00,-4.394521835319739056e-01
1.698504873734149712e+00,-1.872228224751152803e+00,-4.305646470423784011e-01
1.502357179353255079e+00,-2.045752114986953529e+00,-4.284118687198105180e-01
1.289329231590135016e+00,-2.209172720100394116e+00,-4.313304762323301178e-01
1.060504879978735548e+00,-2.361641402733449802e+00,-4.336221035817092728e-01
8.171170881584233214e-01,-2.500991256635243687e+00,-4.279300616558262549e-01
5.606553643581844160e-01,-2.623809014730758449e+00,-4.088883712986205454e-01
2.929654677202730984e-01,-2.725755221643353821e+00,-3.762284671217318577e-01
1.633491789223229240e-02,-2.801978834939763630e+00,-3.352180273856691928e-01
-2.664415683956131708e-01,-2.847428328051866409e+00,-2.935053313579604195e-01
-5.520248875774349528e-01,-2.856981152800905477e+00,-2.557873771442632505e-01
-8.365336766271658231e-01,-2.825539357743659608e+00,-2.196939530017633369e-01
-1.115597305931954830e+00,-2.748390744297028121e+00,-1.762275286476057412e-01
-1.384467523519789856e+00,-2.622033110203819462e+00,-1.155181572728497807e-01
-1.638192305946526206e+00,-2.445313903461418192e+00,-3.485029034103095946e-02
-1.871857510018948512e+00,-2.220407679017027291e+00,5.660601538746842798e-02
-2.080900143293876958e+00,-1.953126703906894912e+00,1.409552344495591247e-01
-2.260562102550064623e+00,-1.631898556445060544e+00,4.617022470825230540e-01
-2.406849360708106289e+00,-1.289697273335646210e+00,4.748713596370873757e-01
-2.518382845341026410e+00,-9.407315457067381148e-01,4.534587233296986097e-01
-2.595180768599009369e+00,-5.969255468368378503e-01,4.294624156898646516e-01
-2.638250068568985363e+00,-2.670778646178801341e-01,4.037818885657412649e-01
-2.649269632265220942e+00,4.333708205916926570e-02,3.766980185484766208e-01
-2.630315545676310762e+00,3.316708529972254849e-01,3.481041052009413717e-01
-2.583643218622550641e+00,5.972620636020361529e-01,3.163912809267469539e-01
-2.511534234261779908e+00,8.406201934220990379e-01,2.791987698818542141e-01
-2.416197850203361419e+00,1.062828508181061116e+00,2.349518169187330974e-01
-2.299712794439400021e+00,1.265193597797070302e+00,1.839096273505543555e-01
-2.163999891672808040e+00,1.449066969298168805e+00,1.281358245146247687e-01
-2.010820581879035451e+00,1.615739781905442873e+00,7.058664771018183237e-02
-1.841797445547366019e+00,1.766340309479062176e+00,1.393203580199550706e-02
-1.658452022044724972e+00,1.901709261875582646e+00,-4.029938673737834542e-02
-1.462254505708963537e+00,2.022265250551368077e+00,-9.193944460335248814e-02
-1.254679881058481827e+00,2.127890993448503298e+00,-1.417705347890862166e-01
-1.037265292171869691e+00,2.217869818828253514e+00,-1.907359773489762100e-01
-8.116637542120759274e-01,2.290887361920975973e+00,-2.391502858344029259e-01
-5.796901789937212168e-01,2.345096059672445943e+00,-2.862848335261648502e-01
-3.433573660041961961e-01,2.378232444044687810e+00,-3.305372527137865335e-01
-1.049011493914944193e-01,2.387783505573882081e+00,-3.700941622916512630e-01
1.332065033395337661e-01,2.371208316575483366e+00,-4.037146974534105981e-01
3.682607285959444976e-01,2.326217744103889373e+00,-4.311884385016543364e-01
5.973515080626625728e-01,2.251092702760974618e+00,-4.532224180650948897e-01
8.174248171686888664e-01,2.144994318085789331e+00,-4.708536185670172403e-01
1.025380638534460376e+00,2.008209764319436985e+00,-4.847417403328907470e-01
1.218200726294542457e+00,1.842293261758545020e+00,-4.947358287037754154e-01
1.393088764304779348e+00,1.650087019800229760e+00,-4.999450089390623519e-01
1.547601719768909367e+00,1.435617538490672862e+00,-4.992754975220928815e-01
1.679755236315528366e+00,1.203855347012806609e+00,-4.921248986838701045e-01
1.788093301216945541e+00,9.603320388931474438e-01,-4.787837003755451848e-01
1.871717593358962706e+00,7.106587499920083983e-01,-4.602447644059505238e-01
1.930274809625742050e+00,4.600592651225435259e-01,-4.375502775175564851e-01
1.963905341120627757e+00,2.130441299586214865e-01,-4.111745444723250431e-01
1.973164705847440636e+00,-2.672118911147174092e-02,-3.808925541808437787e-01
1.958934418548227363e+00,-2.563986688222714139e-01,-3.461719347396484681e-01
1.922336858728366904e+00,-4.738957557589353331e-01,-3.067441173010269084e-01
1.864661742825175494e+00,-6.777754106633243625e-01,-2.629553923009427807e-01
1.787305977505685206e+00,-8.671651798109200060e-01,-2.157308119801701063e-01
1.691726755608536248e+00,-1.041647511688438721e+00,-1.662571814804511272e-01
1.579408290742918330e+00,-1.201119824763589472e+00,-1.156125018719410813e-01
1.451843036647425311e+00,-1.345631537391130061e+00,-6.452583991115293238e-02
1.310527490670796436e+00,-1.475218900829896151e+00,-1.334049998509559409e-02
1.156971123197589435e+00,-1.589761534198169679e+00,3.784497552249885266e-02
9.927154246942340166e-01,-1.688879515386727315e+00,8.894430175593268095e-02
8.193590269466539677e-01,-1.771881003601025961e+00,1.396685734381034327e-01
6.385844745159463542e-01,-1.837761527360346259e+00,1.894220689669577629e-01
4.521824661434128423e-01,-1.885250483794650878e+00,2.373503653822862380e-01
2.620700887257656486e-01,-1.912899388873163575e+00,2.825132638897639437e-01
7.030035688692559681e-02,-1.919207843850156303e+00,3.240978927872529836e-01
-1.209391901443999107e-01,-1.902782309294334562e+00,3.615709399918242140e-01
-3.093411187242265381e-01,-1.862516392972185963e+00,3.947036678820151634e-01
-4.925083046060716452e-01,-1.797771643377995554e+00,4.234709179860683959e-01
-6.680013246933886872e-01,-1.708531613389686621e+00,4.478875109577157287e-01
-8.334024941863515945e-01,-1.595505016718155256e+00,4.678687200908012711e-01
-9.863925415135532671e-01,-1.460165252093270860e+00,4.831779323631150147e-01
-1.124832222632836887e+00,-1.304725782283618907e+00,4.934736659130817271e-01
-1.246838950927218415e+00,-1.132056173461189141e+00,4.984199221614983299e-01
-1.350849063775857006e+00,-9.455425405182521503e-01,4.977984983869799818e-01
-1.435659515990189705e+00,-7.488980701476127821e-01,4.915634104328557852e-01
-1.500446972398242318e+00,-5.459417358274248899e-01,4.798055502807682116e-01
-1.544765701514006162e+00,-3.403800300896603903e-01,4.626487982419388301e-01
-1.568527682411727797e+00,-1.356309261463765625e-01,4.401553414864548541e-01
-1.571969249647116706e+00,6.528704417290660811e-02,4.123301340128006087e-01
-1.555608867466792278e+00,2.598036613959243124e-01,3.792515564771531400e-01
-1.520200498898298003e+00,4.458030350441715695e-01,3.412533407991656942e-01
-1.466686740596848226e+00,6.216039647186554218e-01,2.990262726182305597e-01
-1.396155568411702186e+00,7.859198649414284032e-01,2.535503401015500868e-01
-1.309804056016171225e+00,9.377949921407430223e-01,2.058775666090991441e-01
-1.208911551637933401e+00,1.076515188888239605e+00,1.568789286546586614e-01
-1.094823497625930786e+00,1.201499859668213821e+00,1.070851745504864672e-01
-9.689455987451369712e-01,1.312190609535338615e+00,5.669362826288701362e-02
-8.327466997070953614e-01,1.407955899787169729e+00,5.726315438439794070e-03
-6.877677207718779773e-01,1.488028854554466873e+00,-4.574395834589242704e-02
-5.356334000287052977e-01,1.551488504760179632e+00,-9.740689068445820831e-02
-3.780634192961473961e-01,1.597286262837761095e+00,-1.486491701177260760e-01
-2.168797116469722841e-01,1.624312309528236797e+00,-1.986307230122374146e-01
-5.400723247131078431e-02,1.631492458469107509e+00,-2.464544913204892718e-01
1.085339747260800625e-01,1.617904403130925095e+00,-2.913394537198029655e-01
2.686470816013464269e-01,1.582901236762330965e+00,-3.327140600225791944e-01
4.241882121656848081e-01,1.526228728540407920e+00,-3.701993418954244719e-01
5.730076537061179476e-01,1.448121944462460453e+00,-4.035154653582352369e-01
7.130009264444099326e-01,1.349368232294755776e+00,-4.323834481129057439e-01
8.421660807861246489e-01,1.231327850076002539e+00,-4.564852100859254636e-01
9.586619540547460794e-01,1.095908965187774475e+00,-4.754999542920482769e-01
1.060861617622238740e+00,9.454983430908309172e-01,-4.891831633805640012e-01
1.147396081952408498e+00,7.828528061866427690e-01,-4.974269761700799153e-01
1.217185006376235723e+00,6.109614561175290559e-01,-5.002530111417914371e-01
1.269452953330663103e+00,4.328952771947561229e-01,-4.977347188542796674e-01
1.303731252956595421e+00,2.516655222298352368e-01,-4.898997091713052088e-01
1.319846849658384613e+00,7.011006812951044165e-02,-4.766872663737632410e-01
1.317900658854430640e+00,-1.091830105689998581e-01,-4.580086647223541307e-01
1.298238804826007842e+00,-2.839170853507193004e-01,-4.338889513329863279e-01
1.261420430691602590e+00,-4.521020868057769593e-01,-4.046047436047405244e-01
1.208185585909010040e+00,-6.120491199199930010e-01,-3.707226320154975996e-01
1.139426193780149532e+00,-7.623450426492272003e-01,-3.329988312648214377e-01
1.056162409252803025e+00,-9.018050704633219228e-01,-2.921856912764201342e-01
9.595257984210833202e-01,-1.029404984548342172e+00,-2.488477759995265937e-01
8.507497118097036015e-01,-1.144201642230825877e+00,-2.032852492357452301e-01
7.311661015651895745e-01,-1.245256618188437914e+00,-1.556028771090371132e-01
6.022070506194141526e-01,-1.331579414484530099e+00,-1.058860289328481807e-01
4.654086298314237258e-01,-1.402102952373329936e+00,-5.439160407714385692e-02
3.224144765146101932e-01,-1.455696768636520533e+00,-1.657301572476260754e-03
1.749766688822285143e-01,-1.491215611007177033e+00,5.152216303610654413e-02
2.495190683550219113e-02,-1.507575668468654984e+00,1.042324932373358271e-01
-1.257085203083467828e-01,-1.503848273794750279e+00,1.556135243329447027e-01
-2.749761652619622243e-01,-1.479360373877433021e+00,2.049790551149567042e-01
-4.207712173861379856e-01,-1.433790758722969239e+00,2.518312332291640088e-01
-5.609972429102481062e-01,-1.367250729929825548e+00,2.957828234162204195e-01
-6.935845585137505598e-01,-1.280338834969512840e+00,3.364514041671878841e-01
-8.165404023907385511e-01,-1.174162536400137791e+00,3.733967255518518824e-01
-9.280022770571234592e-01,-1.050324398465097397e+00,4.061362354038732247e-01
-1.026289524197792291e+00,-9.108743241602433871e-01,4.342212686909147079e-01
-1.109948016691768347e+00,-7.582312940779535326e-01,4.573212766881579183e-01
-1.177783920224065861e+00,-5.950792871915454585e-01,4.752635133796400124e-01
-1.228884272792436727e+00,-4.242451073637225067e-01,4.880051635561483137e-01
-1.262623955901479578e+00,-2.485708885602344043e-01,4.955549004411591296e-01
-1.278660084077235526e+00,-7.079764992396968271e-02,4.978916917689514277e-01
-1.276915895996282524e+00,1.065255241331416053e-01,4.949347914500304979e-01
-1.257556990046945211e+00,2.810992351976684955e-01,4.865920137632241405e-01
-1.220963232770956752e+00,4.508989411912106005e-01,4.728626008528021840e-01
-1.167699848781268424e+00,6.141720353193952375e-01,4.539269437050802436e-01
-1.098491053885690905e+00,7.694107377319577834e-01,4.301528686272416691e-01
-1.014199090551874294e+00,9.153029035746075293e-01,4.019964168512143443e-01
-9.158106229809226395e-01,1.050663666627572601e+00,3.698458591824999031e-01
-8.044311711623601813e-01,1.174355323187780575e+00,3.339044580075122282e-01
-6.812867885259861200e-01,1.285208801553680891e+00,2.941974079888493021e-01
-5.477308367351148011e-01,1.381963702924010162e+00,2.507225580357993477e-01
-4.052528226093363717e-01,1.463242266260907920e+00,2.036767806589477592e-01
-2.554860385495454356e-01,1.527565356266693763e+00,1.536304735169647662e-01
-1.002111536461864905e-01,1.573408605905096680e+00,1.015335244801061909e-01
5.864633064297097853e-02,1.599288909407768022e+00,4.852326458950781407e-02
2.190261050402362297e-01,1.603868910795997804e+00,-4.375577865315311010e-03
3.787514999492336276e-01,1.586069222961412839e+00,-5.649274234185167054e-02
5.355572686068306165e-01,1.545180687263570496e+00,-1.075541805963002029e-01
6.871275963258625108e-01,1.480968431837401900e+00,-1.574990479994432813e-01
8.311445983295346895e-01,1.393756222821973756e+00,-2.061851555901458577e-01
9.653459366966810062e-01,1.284477504922525659e+00,-2.531651691010284866e-01
1.087587860100307280e+00,1.154681936895858518e+00,-2.976704465011731360e-01
1.195907975751151042e+00,1.006492716611830707e+00,-3.388074844953560261e-01
1.288581471203066098e+00,8.425172496227676389e-01,-3.758379831557451256e-01
1.364165571172427205e+00,6.657193577920014205e-01,-4.083648051365901255e-01
1.421529008519763160e+00,4.792658226901503338e-01,-4.363129441938343733e-01
1.459865225552854140e+00,2.863647170659485153e-01,-4.597286458548853760e-01
1.478689513380197162e+00,9.011585081791813334e-02,-4.785322677441189443e-01
1.477821586498669237e+00,-1.066089595211467261e-01,-4.923858863950104636e-01
1.457356422197960022e+00,-3.012465781983221791e-01,-5.007665172275227450e-01
1.417627428896636399e+00,-4.915841501451547191e-01,-5.032115240253222099e-01
1.359166845419457648e+00,-6.757652649371533871e-01,-4.995925748227182384e-01
1.282668579440027878e+00,-8.522617583352137816e-01,-4.902431040424178876e-01
1.188958445459584068e+00,-1.019808714443320108e+00,-4.758365496992783550e-01
1.078975849723704306e+00,-1.177302059685675362e+00,-4.570536200249551984e-01
9.537692381080087323e-01,-1.323667216072720310e+00,-4.342100090430324189e-01
8.145051398645151153e-01,-1.457720109522562923e+00,-4.070668429673079958e-01
6.624878681777622846e-01,-1.578051776497236824e+00,-3.749777155415233709e-01
4.991846561737869337e-01,-1.682968137096465755e+00,-3.373545325272192530e-01
3.262499869384425377e-01,-1.770503757112754650e+00,-2.942331466041184784e-01
1.455434626486680205e-01,-1.838506184948758504e+00,-2.466064647681679711e-01
-4.086259150888560399e-02,-1.884767073535184467e+00,-1.962709225899931520e-01
-2.306873835554503760e-01,-1.907170475110749885e+00,-1.452004920810569255e-01
-4.214578356670151127e-01,-1.903840493167290981e+00,-9.477164574616839254e-02
-6.105365859078426549e-01,-1.873288452324288977e+00,-4.529703753742811423e-02
-7.951627975783266411e-01,-1.814566534218277960e+00,3.834843475511856559e-03
-9.725079833443779354e-01,-1.727422778158580252e+00,5.348918677020261803e-02
-1.139748583958270833e+00,-1.612431339772142147e+00,1.040019053808503846e-01
-1.294153575894036345e+00,-1.471061141375683556e+00,1.547799906907794953e-01
-1.433179630425673201e+00,-1.305656811726884081e+00,2.045237306179882031e-01
-1.554561456700474631e+00,-1.119331099589248035e+00,2.518798177642435077e-01
-1.656384590273913604e+00,-9.157893819017087766e-01,2.960417221837542412e-01
-1.737132846891732862e+00,-6.991127156481004024e-01,3.368890862762964344e-01
-1.795709589210080503e+00,-4.735211316669191706e-01,3.746311726691072819e-01
-1.831436260493726431e+00,-2.431363749797219032e-01,4.092621350479629383e-01
-1.844031841502619118e+00,-1.176715371551943778e-02,4.401961738141108027e-01
-1.833575419964216247e+00,2.172580749531148325e-01,4.662780959025479843e-01
-1.800454039195121370e+00,4.411938442848393760e-01,4.861549675447872643e-01
-1.745300115307722111e+00,6.579135957605081186e-01,4.988428163234414070e-01
-1.668925449915098946e+00,8.658858825276370963e-01,5.042257173100165302e-01
-1.572260555527112524e+00,1.064096249808613726e+00,5.032100264647522136e-01
-1.456308007768768897e+00,1.251913399166102669e+00,4.973782661752420564e-01
-1.322116875382190360e+00,1.428897708966106128e+00,4.882269556871915439e-01
-1.170782142185228247e+00,1.594562261315182417e+00,4.763189795537624560e-01
-1.003468740789785096e+00,1.748118907053137994e+00,4.608042273165108282e-01
-8.214550811316689849e-01,1.888264714193929938e+00,4.396771695022988480e-01
-6.261870844786454615e-01,2.013071821565985520e+00,4.108231649692041243e-01
-4.193322554957534809e-01,2.120021137573935288e+00,3.734325635975633828e-01
-2.028248639309799817e-01,2.206167576232789695e+00,3.289742938157002028e-01
2.110328224708601930e-02,2.268369433854549921e+00,2.809655871875190725e-01
2.499088480266797863e-01,2.303500313771281505e+00,2.334101006670888656e-01
4.807407403394063916e-01,2.308608786524553480e+00,1.886874973438493475e-01
7.104632296596309349e-01,2.281067473917801181e+00,1.462083796916367751e-01
9.357021344473401836e-01,2.218794653268925998e+00,1.028267992035950262e-01
1.152919780528489424e+00,2.120592860222917153e+00,5.494478268750566108e-02
1.358523548693211014e+00,1.986548045840444976e+00,1.096929628888826391e-03
1.549006711569795414e+00,1.818342552074335705e+00,-5.667067601397693388e-02
1.721109427343734621e+00,1.619327353700565686e+00,-1.136998760585445079e-01
1.871976397116663859e+00,1.394286171922835882e+00,-1.654803632130185387e-01
1.999282484654057557e+00,1.148951356484529063e+00,-2.103911861779838299e-01
2.101303791146827749e+00,8.894221514822645558e-01,-2.503861078990158306e-01
2.176927782459968430e+00,6.216443513541082266e-01,-2.891859971353635261e-01
2.225613344218054124e+00,3.510437956586896502e-01,-3.295143890008463972e-01
2.247320875449908772e+00,8.231626762234774131e-02,-3.713377282168660587e-01
2.242430822690423931e+00,-1.806766169000477151e-01,-4.118837609685971346e-01
2.211660572093498089e+00,-4.349522602815484862e-01,-4.469477050762807879e-01
2.155981580915101503e+00,-6.784100628827173241e-01,-4.726167603824694696e-01
2.076536133017338415e+00,-9.097910552224989233e-01,-4.867518429595395490e-01
1.974556223225824914e+00,-1.128588918950729658e+00,-4.898032314361319139e-01
1.851292084578412434e+00,-1.334905473002989007e+00,-4.846968847649765211e-01
1.707960744592264213e+00,-1.529240508486223726e+00,-4.757608131128466811e-01
1.545723953114425342e+00,-1.712209092976950453e+00,-4.669978088223675217e-01
1.365700470100615682e+00,-1.884196996423232351e+00,-4.603231463980722582e-01
1.169011658591331049e+00,-2.044997335841652664e+00,-4.545297194160770049e-01
9.568531871403823663e-01,-2.193508482680716298e+00,-4.456162700845612834e-01
7.305810403804839925e-01,-2.327589863847761009e+00,-4.286329155717726325e-01
4.917986632197203223e-01,-2.444138070250266637e+00,-4.003890816144536346e-01
2.424343583930459456e-01,-2.539355798428287514e+00,-3.615893449885067001e-01
-1.519795305322912959e-02,-2.609090097618810056e+00,-3.168773940764469943e-01
-2.783586729102409674e-01,-2.649096185219495858e+00,-2.723009556233196848e-01
-5.438668100575050346e-01,-2.655179692300933425e+00,-2.314342707245745923e-01
-8.081136718687769172e-01,-2.623327584990951422e+00,-1.926417632057965401e-01
-1.067113022173700410e+00,-2.550026317303132117e+00,-1.496657070541874968e-01
-1.316595936720717619e+00,-2.432879989100644735e+00,-9.575885124137531457e-02
-1.552158319288453603e+00,-2.271409598426181731e+00,-2.904542535040835483e-02
-1.769466113736348101e+00,-2.067707484570334486e+00,4.461862876794495114e-02
-1.964510710286749839e+00,-1.826612663042249673e+00,1.139905215497475088e-01
-2.133877445864583500e+00,-1.555276367108463953e+00,1.691881408867271508e-01
-2.274958738265096869e+00,-1.262253258084337526e+00,2.080793808541681889e-01
-2.386048747827034688e+00,-9.564228131916135967e-01,2.370661429480332705e-01
-2.466309083402316915e+00,-6.460527673402244320e-01,2.657995350932890188e-01
-2.515650226348081553e+00,-3.381819588189058368e-01,3.006962366722188973e-01
-2.534585481780974092e+00,-3.832510418330607738e-02,3.420053031132493926e-01
-2.524089394500726335e+00,2.495818656354538700e-01,3.849564563609203516e-01
-2.485466374136110268e+00,5.230627834982807256e-01,4.227419947834317737e-01
-2.420227080270787923e+00,7.808652583102410061e-01,4.494018501933493281e-01
-2.329974009537666646e+00,1.022687862991295438e+00,4.618924738724626833e-01
-2.216302402158196294e+00,1.248944342189536760e+00,4.610872016708452703e-01
-2.080724128947901264e+00,1.460579741704858270e+00,4.514657583432989396e-01
-1.924621417433220794e+00,1.658891060936504180e+00,4.394886714220359591e-01
-1.749234954595594305e+00,1.845286374755840120e+00,4.311351330855427433e-01
-1.557480157317869152e+00,1.990223915252178122e+00,-3.841457602546430317e-02
-1.352035951042885431e+00,2.113679858581196669e+00,-1.177588413331395467e-01
-1.135116512096568941e+00,2.218728723946356229e+00,-1.518485971820215108e-01
-9.086034357516743487e-01,2.305850421831222796e+00,-1.932656892131109638e-01
-6.743657662315880597e-01,2.373978709802570197e+00,-2.411666991277076344e-01
-4.344107761947431090e-01,2.421120332103313011e+00,-2.896554173000086552e-01
-1.909578391861945779e-01,2.444754238318468609e+00,-3.345861734533609466e-01
5.352608115100587760e-02,2.442149477213918729e+00,-3.736523040201832346e-01
2.963159998157445241e-01,2.410683315424122952e+00,-4.061252023883056284e-01
5.344445755166462586e-01,2.348189099520260115e+00,-4.325515838212999897e-01
7.647520853614853120e-01,2.253312127294519129e+00,-4.541169831213763830e-01
9.839774370405713899e-01,2.125818696167730337e+00,-4.717954830649030429e-01
1.188887120570426781e+00,1.966804244861042994e+00,-4.856864935637023040e-01
1.376426239099785009e+00,1.778772422837052281e+00,-4.948934311012794796e-01
1.543868122436116153e+00,1.565578472967375623e+00,-4.980271923151892155e-01
1.688940919218584247e+00,1.332227139507080826e+00,-4.940681386386930329e-01
1.809917697126085301e+00,1.084507627752509640e+00,-4.830548668819832914e-01
1.905663566269352627e+00,8.284838649682891853e-01,-4.661058132786496389e-01
1.975636432197394265e+00,5.699421941259980029e-01,-4.447282250360738987e-01
2.019842078835921040e+00,3.139527964781388403e-01,-4.199264615400767342e-01
2.038753277420424226e+00,6.465038664013873781e-02,-3.917613967699767885e-01
2.033211389070657127e+00,-1.747800149481692489e-01,-3.596063703995798777e-01
2.004329472100756071e+00,-4.020076775486904341e-01,-3.228113535560953595e-01
1.953408259842774886e+00,-6.154383342589292427e-01,-2.812778430296464238e-01
1.881867867853024956e+00,-8.141041973207362448e-01,-2.356301148227945286e-01
1.791194256230742798e+00,-9.975490728319248435e-01,-1.869941061100962865e-01
1.682899863733990475e+00,-1.165690131405027197e+00,-1.366003812571438270e-01
1.558499098396483484e+00,-1.318654651817223078e+00,-8.543906694426542381e-02
1.419499310259373592e+00,-1.456607245332560696e+00,-3.409756057173499166e-02
1.267406457030364253e+00,-1.579590459394881075e+00,1.719505280206132247e-02
1.103742895266967672e+00,-1.687399773929884939e+00,6.837136173509858472e-02
9.300733812616832630e-01,-1.779506703926298394e+00,1.192781283917224433e-01
7.480347114421508348e-01,-1.855034682238660304e+00,1.694901713083990236e-01
5.593644591487236806e-01,-1.912785106615697339e+00,2.182668494109475110e-01
3.659248661343814657e-01,-1.951308128295057509e+00,2.646671351418089513e-01
1.697188338831552290e-01,-1.969014188682379762e+00,3.077655615125917121e-01
-2.710436231019186515e-02,-1.964323730096700027e+00,3.468638596325018808e-01
-2.222559164382251762e-01,-1.935848647038145964e+00,3.815980874891192753e-01
-4.133294698871037287e-01,-1.882588955785959195e+00,4.118978169503603182e-01
-5.978407024123446600e-01,-1.804117556252849974e+00,4.378308820750643759e-01
-7.732855919936254541e-01,-1.700723190144579400e+00,4.594208982000606012e-01
-9.372152774202502368e-01,-1.573490273133718143e+00,4.765284396429291247e-01
-1.087321270864499700e+00,-1.424308855145581143e+00,4.888448851861352251e-01
-1.221521148378642563e+00,-1.255818352667487980e+00,4.959885909968829720e-01
-1.338033687909181646e+00,-1.071289679699997999e+00,4.976463787413746287e-01
-1.435434566995918759e+00,-8.744484787811562798e-01,4.936845986557995003e-01
-1.512688114993286925e+00,-6.692497253434216420e-01,4.841669818217820831e-01
-1.569155060769963805e+00,-4.596332796967247947e-01,4.692643035483808900e-01
-1.604579225974783308e+00,-2.493054411414734051e-01,4.491137784580797598e-01
-1.619057620056256974e+00,-4.158492293462338896e-02,4.237388625293573297e-01
-1.612998949642196367e+00,1.606758876262846525e-01,3.931152122340603183e-01
-1.587075517357855903e+00,3.551108048527600869e-01,3.573632743335889428e-01
-1.542173094446975812e+00,5.398253948834222937e-01,3.169405142625646432e-01
-1.479342900764937463e+00,7.133622705459518043e-01,2.726898486427370427e-01
-1.399759397136270289e+00,8.746460624280131269e-01,2.256923787067347253e-01
-1.304686947712426326e+00,1.022903031978603883e+00,1.769984536435441347e-01
-1.195457316773206324e+00,1.157556174615294919e+00,1.273802436226912638e-01
-1.073458512605587112e+00,1.278106938820003036e+00,7.722708718530921224e-02
-9.401339950140175095e-01,1.384022235248500321e+00,2.662252759111080613e-02
-7.969900081563825456e-01,1.474646708701973674e+00,-2.444676722197161589e-02
-6.456079295752472635e-01,1.549155496132519128e+00,-7.585465502490965073e-02
-4.876580890970128035e-01,1.606554369439217256e+00,-1.271800763342529061e-01
-3.249115163285323238e-01,1.645725595378909167e+00,-1.776971232956771340e-01
-1.592464556443291546e-01,1.665511760741577474e+00,-2.265037224453198272e-01
7.352942203303181046e-03,1.664826940757057505e+00,-2.727158491999271961e-01
1.728077961430101173e-01,1.642783497861189934e+00,-3.156275129317328565e-01
3.349670904119410597e-01,1.598821550719910389e+00,-3.547647081481893894e-01
4.916425326821511899e-01,1.532826472162193587e+00,-3.898270507164190990e-01
6.406552085184313849e-01,1.445219400040199664e+00,-4.205734788516536371e-01
7.798915830600881005e-01,1.337008433758663406e+00,-4.467314089931458954e-01
9.073642633094498589e-01,1.209793499019379714e+00,-4.679826271547887773e-01
1.021271549137048762e+00,1.065723391783727214e+00,-4.840244830579180091e-01
1.120049832758584385e+00,9.074076467625199482e-01,-4.946558762320033553e-01
1.202414255780446917e+00,7.377898734000573056e-01,-4.998220561106602178e-01
1.267384958392389516e+00,5.599954000485708461e-01,-4.995795798661443188e-01
1.314298046668857634e+00,3.771734926281114508e-01,-4.939990078165098497e-01
1.342801878886582090e+00,1.923575628730576637e-01,-4.830743011388679564e-01
1.352840582788665813e+00,8.360811122777381255e-03,-4.667161420642688130e-01
1.344627851173938016e+00,-1.722881293883295473e-01,-4.448564140975835857e-01
1.318614761342812525e+00,-3.473762098258694198e-01,-4.176110869163000006e-01
1.275455462681627683e+00,-5.150129062068292685e-01,-3.853966097774775834e-01
1.215974208467913265e+00,-6.736172317881800042e-01,-3.489133424117883964e-01
1.141136598502606514e+00,-8.218831828523037730e-01,-3.089891481635237414e-01
1.052027130043327041e+00,-9.587217051818229807e-01,-2.663623007792185193e-01
9.498341941715541248e-01,-1.083183127689803849e+00,-2.215190764203473217e-01
8.358425305808578898e-01,-1.194371918132537624e+00,-1.746696670390523176e-01
7.114320220534027239e-01,-1.291370674520075257e+00,-1.258708899314743557e-01
5.780807856828984459e-01,-1.373189802501647572e+00,-7.522934247517301665e-02
4.373699725676263306e-01,-1.438753703070796641e+00,-2.308127362936321370e-02
2.909875864223769870e-01,-1.486926127986516244e+00,2.993853748400962522e-02
1.407289110718694669e-01,-1.516569968276714642e+00,8.296683780857957990e-02
-1.150838333780224154e-02,-1.526632308525371018e+00,1.350766957434668958e-01
-1.637359319279461101e-01,-1.516244050610243699e+00,1.854472678604065228e-01
-3.138943430220939579e-01,-1.484823100323297007e+00,2.334547432363319464e-01
-4.598817712555798298e-01,-1.432169674869969933e+00,2.786529566424275073e-01
-5.995917893241491381e-01,-1.358542152011026127e+00,3.206775363851929184e-01
-7.309598065850038129e-01,-1.264703569108745151e+00,3.591460599410777332e-01
-8.520155516916629868e-01,-1.151932941329644189e+00,3.936179108120211323e-01
-9.609373521134492169e-01,-1.022000442472041692e+00,4.236319856415445839e-01
-1.056102911055997184e+00,-8.771088591776462495e-01,4.487902410591811941e-01
-1.136131546076124765e+00,-7.198051238997181800e-01,4.688306641523166673e-01
-1.199914293744434923e+00,-5.528673347402418559e-01,4.836444018017499458e-01
-1.246630236090224608e+00,-3.791767136625880386e-01,4.932269578770797080e-01
-1.275749189122223237e+00,-2.015892794955471135e-01,4.975925070576562304e-01
-1.287022226957215354e+00,-2.282423175408802851e-02,4.967050067243928835e-01
-1.280462450678985897e+00,1.546180063979497032e-01,4.904754947698916068e-01
-1.256319050968075723e+00,3.285035459720580531e-01,4.788373684672490027e-01
-1.215048073254977767e+00,4.968813161102952347e-01,4.618574743454882947e-01
-1.157283356912197414e+00,6.580728558121647920e-01,4.398067031535884963e-01
-1.083810871755926941e+00,8.106388531527918273e-01,4.131295501786834690e-01
-9.955490736897287807e-01,9.533241416605607865e-01,3.823138740312924666e-01
-8.935369029523505535e-01,1.084984844229419876e+00,3.477310112925547925e-01
-7.789297129093653016e-01,1.204506728742031241e+00,3.095464434860798475e-01
-6.530019707524428174e-01,1.310729568434817471e+00,2.677703644967078800e-01
-5.171543468672130661e-01,1.402394616529721416e+00,2.224399101779067356e-01
-3.729221055711307020e-01,1.478128950525269270e+00,1.738421120034868428e-01
-2.219816551961935058e-01,1.536472106186691944e+00,1.226477382962823659e-01
-6.615260687734125788e-02,1.575940726719504470e+00,6.986201938326783156e-02
9.260656774137809855e-02,1.595120420646026327e+00,1.659864475858338628e-02
2.522105596932695537e-01,1.592772850343328050e+00,-3.620721108421878776e-02
4.104679215992439456e-01,1.567948381827599880e+00,-8.798462182682978416e-02
5.651114158023637923e-01,1.520096268828869723e+00,-1.385033969431851697e-01
7.138387788653972610e-01,1.449162929004991218e+00,-1.876592339179509461e-01
8.543637078816319619e-01,1.355666016941656116e+00,-2.352033128991940780e-01
9.844749661222229609e-01,1.240731501333898867e+00,-2.805854179055834452e-01
1.102099211272800527e+00,1.106084837729328418e+00,-3.230063240530071100e-01
1.205361564800836671e+00,9.539940059872601408e-01,-3.616416966615797479e-01
1.292637910935401369e+00,7.871685886831228940e-01,-3.958920006445875162e-01
1.362594348992100857e+00,6.086241095595478212e-01,-4.255007039416734971e-01
1.414211245090985614e+00,4.215257270110546739e-01,-4.504720490574359859e-01
1.446791122880461522e+00,2.290301827866015327e-01,-4.708483580154708692e-01
1.459951051861573035e+00,3.414646525509097696e-02,-4.864932133305731599e-01
1.453601512770859916e+00,-1.603693265705478654e-01,-4.970224879789287842e-01
1.427915031606521001e+00,-3.520792631297597342e-01,-5.019361292290557275e-01
1.383288933830348899e+00,-5.388915705073690221e-01,-5.008801232658984803e-01
1.320307138130066171e+00,-7.190553988292675003e-01,-4.938802859664238598e-01
1.239705949347429836e+00,-8.911226840270726202e-01,-4.813923051154748167e-01
1.142348324379701907e+00,-1.053874725775444832e+00,-4.641106534126581140e-01
1.029209951763476294e+00,-1.206214811627625005e+00,-4.426203908569920076e-01
9.013785961871101371e-01,-1.347038463838531763e+00,-4.170819961848596380e-01
7.600656791326858563e-01,-1.475104970107324442e+00,-3.871490194154009190e-01
6.066265373044157361e-01,-1.588941029689059592e+00,-3.522149204208747664e-01
4.425839790880827795e-01,-1.686803898438151039e+00,-3.119053656958971077e-01
2.696492709801190379e-01,-1.766716046614405622e+00,-2.665623195584362337e-01
8.973565798358662526e-02,-1.826561952472013362e+00,-2.174172935729405121e-01
-9.503855205497457881e-02,-1.864221942001601073e+00,-1.662908159610882175e-01
-2.823583561830671496e-01,-1.877717565224762852e+00,-1.149331795250293775e-01
-4.697318244043315882e-01,-1.865356303399714699e+00,-6.436775753569637382e-02
-6.545214772514531543e-01,-1.825877234235284030e+00,-1.463175375002837009e-02
-8.339886543789483131e-01,-1.758599847651336257e+00,3.491844709984345818e-02
-1.005352982794285532e+00,-1.663564001738461196e+00,8.492314598960146177e-02
-1.165867661343878980e+00,-1.541632865343938841e+00,1.353867567963743246e-01
-1.312907107969845333e+00,-1.394528329127929789e+00,1.854913105965561859e-01
-1.444058101239417136e+00,-1.224783866859896486e+00,2.339461912627552598e-01
-1.557202229839235619e+00,-1.035621915062854947e+00,2.795962968043096408e-01
-1.650578918783065285e+00,-8.307761734152167010e-01,3.218508278237760534e-01
-1.722823832301055846e+00,-6.142796132723856717e-01,3.606650418266309499e-01
-1.772983226253386002e+00,-3.902356619857558218e-01,3.961516580164453627e-01
-1.800507433432138038e+00,-1.625924331619225671e-01,4.281275028265082438e-01
-1.805226201543911779e+00,6.505446069605887172e-02,4.558821651231806937e-01
-1.787307808863977998e+00,2.896062261227728141e-01,4.782899339004654804e-01
-1.747204859677611077e+00,5.085399600628209837e-01,4.942156070320987693e-01
-1.685592108148112667e+00,7.199242836912363996e-01,5.030327970783429192e-01
-1.603303955274162584e+00,9.223788569803746951e-01,5.049926468158457693e-01
-1.501280231374562790e+00,1.114980712354805226e+00,5.012047466156940301e-01
-1.380528220735210754e+00,1.297115207696950767e+00,4.931556739029144820e-01
-1.242106702489298664e+00,1.468273417966112993e+00,4.819357573868029432e-01
-1.087134267515706521e+00,1.627813785696964777e+00,4.675464335806108762e-01
-9.168197540311961991e-01,1.774728469068955539e+00,4.487061155428858639e-01
-7.325082437733725360e-01,1.907472238644267071e+00,4.234031168677842016e-01
-5.357330891228004877e-01,2.023908634954013408e+00,3.900724656407587032e-01
-3.282641459244370896e-01,2.121394470405123744e+00,3.488325880652024535e-01
-1.121447435755522637e-01,2.196969664894528496e+00,3.019900254985142807e-01
1.102866421832346955e-01,2.247578978495434754e+00,2.532902905690929130e-01
3.363914684036959368e-01,2.270260912260642083e+00,2.061408417025488438e-01
5.632437095840250318e-01,2.262297488821301883e+00,1.617996025268916005e-01
7.876619177842660857e-01,2.221381874743535434e+00,1.187151799538906649e-01
1.006265014179217543e+00,2.145871463201128648e+00,7.358854460906524841e-02
1.215557290361225951e+00,2.035132203984106880e+00,2.363992371697673511e-02
1.412045411338562317e+00,1.889885514707744241e+00,-3.129971495718311680e-02
1.592382265847738676e+00,1.712413816076945983e+00,-8.829287240062658193e-02
1.753521415777014480e+00,1.506511035749193317e+00,-1.428789726657814507e-01
1.892857131761509493e+00,1.277164285445317793e+00,-1.917698121758536767e-01
2.008324735666912719e+00,1.030059205841863834e+00,-2.347411737426493838e-01
2.098446318729211058e+00,7.710535802882495515e-01,-2.743290147162805726e-01
2.162322886296169422e+00,5.057417008356671628e-01,-3.136889274999755672e-01
2.199586825788265809e+00,2.391610291972162128e-01,-3.543138425443831396e-01
2.210332572303800092e+00,-2.437613809414267141e-02,-3.950447688149952841e-01
2.195039021537776414e+00,-2.813701176282671912e-01,-4.326011178741328012e-01
2.154489710215596432e+00,-5.291710421119583119e-01,-4.630064873506799517e-01
2.089691726785287695e+00,-7.659737013383979276e-01,-4.831704959301862390e-01
2.001794421330523654e+00,-9.907663573017960745e-01,-4.920813492217109841e-01
1.892012863212737317e+00,-1.203226476489286378e+00,-4.912372404636587975e-01
1.761565015383449229e+00,-1.403553725773914573e+00,-4.841310981483221143e-01
1.611632750819976811e+00,-1.592231014652695231e+00,-4.748959251320076236e-01
1.443354329095896338e+00,-1.769714984297279026e+00,-4.665581027902706568e-01
1.257850786877368510e+00,-1.936081983004611873e+00,-4.595895384395279892e-01
1.056282462070265105e+00,-2.090690325160539764e+00,-4.514764827863732011e-01
8.399261870812013697e-01,-2.231948393774463746e+00,-4.377419696245371528e-01
6.102603463447977550e-01,-2.357272754097023082e+00,-4.142235970260915723e-01
3.690453446615959976e-01,-2.463259529210501952e+00,-3.795819233762546263e-01
1.183904480121074076e-01,-2.545994890002401867e+00,-3.365145847430187631e-01
-1.391981887062858636e-01,-2.601364741724855101e+00,-2.905801883932684904e-01
-4.007915086357971557e-01,-2.625257680489328393e+00,-2.469402629733298549e-01
-6.630370796990183724e-01,-2.613685821946246435e+00,-2.068912554692989014e-01
-9.221895437237492832e-01,-2.562980698787685085e+00,-1.666052988503398391e-01
-1.174179467926473430e+00,-2.470231988379437027e+00,-1.193910905339851392e-01
-1.414729055664491364e+00,-2.333979131902273352e+00,-6.050035207465956355e-02
-1.639521934119243740e+00,-2.154938083824756490e+00,8.548156198297046648e-03
-1.844427159152128626e+00,-1.936428287994404807e+00,7.945285253415587667e-02
-2.025757089030662428e+00,-1.684261201743838976e+00,1.415720068711106838e-01
-2.180507086246486814e+00,-1.406090797009847515e+00,1.886690472770976290e-01
-2.306509754648270238e+00,-1.110444595480126972e+00,2.227708271440985432e-01
-2.402465671501643030e+00,-8.057393115986056786e-01,2.519563676739932090e-01
-2.467868810742044339e+00,-4.995218558778715123e-01,2.843025649511855546e-01
-2.502878799702961565e+00,-1.980218276246558662e-01,3.230863414213399620e-01
-2.508183617765076256e+00,9.402759755622176752e-02,3.659521042636225685e-01
-2.484869334702972665e+00,3.733716677806045436e-01,4.070343998056199508e-01
-2.434296938204113303e+00,6.380722085206150807e-01,4.398761261079994211e-01
-2.357985525884782163e+00,8.872655940494825755e-01,4.598817079564224697e-01
-2.257506057788627452e+00,1.120918844248181889e+00,4.658759377253102185e-01
-2.134392970519130017e+00,1.339629851361770596e+00,4.605002179557499131e-01
-1.990081319481475264e+00,1.544454462484681434e+00,4.492739746767381304e-01
-1.825875641114096171e+00,1.736701825823432577e+00,4.385368710860529928e-01
-1.642953868052110744e+00,1.917645510256548169e+00,4.329479166739201856e-01
-1.442405849184014821e+00,2.088142370496990807e+00,4.334625184078600979e-01
-1.225301804903310421e+00,2.248214637990405329e+00,4.366680888541009109e-01
-9.927819719498860440e-01,2.396710070025203088e+00,4.360330547697753856e-01
-7.461563333287488664e-01,2.531172729124538723e+00,4.249200246609515785e-01
-4.870046239536194310e-01,2.647992537393101475e+00,4.001525458444302741e-01
-2.172708055469112498e-01,2.742762608075884234e+00,3.640694626790182964e-01
6.065177291081780275e-02,2.810652038699140487e+00,3.233263070152937457e-01
3.438514177961533580e-01,2.846619360125176357e+00,2.845552736129820515e-01
6.288581272831634816e-01,2.845476259782415696e+00,2.493260901673782504e-01
9.116497904375877592e-01,2.802039581924105072e+00,2.119233977708877281e-01
1.187721560756149097e+00,2.711677428304401616e+00,1.622187350715432463e-01
1.452228636477111090e+00,2.571339071300849710e+00,9.274390507438820541e-02
1.700201123326694042e+00,2.380768947099332067e+00,5.750825241498030982e-03
1.926820343739506836e+00,2.143348101764248170e+00,-8.506927639969066868e-02
2.127738007018823208e+00,1.866103483151544173e+00,-1.609609360614544793e-01
2.298415150425840991e+00,1.540529686907729845e+00,-4.696590677634847610e-01
2.435510594799799478e+00,1.197343971704943888e+00,-4.794409332341419416e-01
2.537879461052642505e+00,8.504675417411692306e-01,-4.531300608556466658e-01
2.605774389841662320e+00,5.109105801855785556e-01,-4.261519751158121538e-01
2.640397221854019705e+00,1.864617643511701783e-01,-3.993827587649444455e-01
2.643548556684846673e+00,-1.181068173306966534e-01,-3.708035575641704940e-01
2.617355129963074845e+00,-4.004676129057821998e-01,-3.388389177437051147e-01
2.564078950220667785e+00,-6.600599021389347287e-01,-3.023626823499913074e-01
2.485989032181165292e+00,-8.974623610665394269e-01,-2.607224532840649589e-01
2.385273113633921582e+00,-1.113884048820368955e+00,-2.139688580939821672e-01
2.263979575286724888e+00,-1.310794583457948415e+00,-1.630172871011456304e-01
2.123989210362792868e+00,-1.489676092054345924e+00,-1.094659652905437819e-01
1.967016889049290951e+00,-1.651855816654135056e+00,-5.507874415489513731e-02
1.794639209753598585e+00,-1.798379870849299289e+00,-1.210708791615250357e-03
1.608340906239891233e+00,-1.929907933910522511e+00,5.151229006551968914e-02
1.409571846643231208e+00,-2.046628859392086497e+00,1.031190591935054746e-01
1.199807315046733436e+00,-2.148206364231711518e+00,1.539001626764669728e-01
9.806057250652082669e-01,-2.233760766516935448e+00,2.039163690627273373e-01
7.536594315817517487e-01,-2.301885222391133468e+00,2.526546050003471988e-01
5.208359820220946901e-01,-2.350694347743103485e+00,2.989990240792320675e-01
2.842087886692528098e-01,-2.377913957967815684e+00,3.415335644852558472e-01
4.607680081910259240e-02,-2.381033788790247741e+00,3.790260711911724867e-01
-1.910286558472689133e-01,-2.357543205952111975e+00,4.108464748723886784e-01
-4.243546799688113769e-01,-2.305244116070761962e+00,4.371033753305891834e-01
-6.509624824935225096e-01,-2.222597154860107338e+00,4.584285808545826013e-01
-8.677946574322679130e-01,-2.109032474447952055e+00,4.755175783088628760e-01
-1.071776010731559703e+00,-1.965163660593360229e+00,4.886585497764696084e-01
-1.259941793351252892e+00,-1.792877117444250823e+00,4.974964733642462944e-01
-1.429578100498241300e+00,-1.595302616792922956e+00,5.011695815182645175e-01
-1.578352999150539171e+00,-1.376676376666738699e+00,4.987654404742823955e-01
-1.704417525366863417e+00,-1.142088260338907313e+00,4.898588225821310926e-01
-1.806463548686884524e+00,-8.971006140692542319e-01,4.748130303052516821e-01
-1.883736054054841569e+00,-6.472750311448597360e-01,4.546313468633468302e-01
-1.936005341909202260e+00,-3.977158707501812773e-01,4.304217438095844228e-01
-1.963508955235514053e+00,-1.527562313119529835e-01,4.028123601381662366e-01
-1.966875288008610001e+00,8.415792004174511842e-02,3.717041813839853104e-01
-1.947040830653088195e+00,3.104261042776633173e-01,3.365148247908064105e-01
-1.905170378270794496e+00,5.241799441991811248e-01,2.967316293868219601e-01
-1.842585771653873161e+00,7.241629706802789057e-01,2.524088520047297335e-01
-1.760706111277422936e+00,9.096220631275605539e-01,2.043257817215743122e-01
-1.661001401290562507e+00,1.080198051132871262e+00,1.537663552364659514e-01
-1.544961152208801147e+00,1.235799597810917083e+00,1.020925879903085975e-01
-1.414078609535511122e+00,1.376457767160825574e+00,5.035003307782912052e-02
-1.269849911230078954e+00,1.502173771350397535e+00,-9.226794552407435734e-04
-1.113786038777603737e+00,1.612780932413157897e+00,-5.163077527508366793e-02
-9.474342488649452054e-01,1.707842213918183694e+00,-1.018702783545012702e-01
-7.724048679135064877e-01,1.786598546913520602e+00,-1.516173085560811595e-01
-5.903989714022974677e-01,1.847973835530862807e+00,-2.005039740330804288e-01
-4.032326536847257170e-01,1.890633862337935289e+00,-2.477794623006960573e-01
-2.128542658529426479e-01,1.913091267287156283e+00,-2.924659922942584034e-01
-2.135178732101494781e-02,1.913847295002182092e+00,-3.336232214059339229e-01
1.690520719852386389e-01,1.891559938693190501e+00,-3.705817739241165087e-01
3.560194255874453706e-01,1.845224329562847876e+00,-4.030305370123011821e-01
5.371335631728066939e-01,1.774345403156828871e+00,-4.309302916163312291e-01
7.099528207728302842e-01,1.679079581386945241e+00,-4.543226557139227184e-01
8.720797084225373474e-01,1.560325431078360969e+00,-4.731508007977850427e-01
1.021239334769139750e+00,1.419751818953087996e+00,-4.871869251460277939e-01
1.155358467720161597e+00,1.259760308967706299e+00,-4.960926964378337134e-01
1.272636263526221834e+00,1.083382579411965585e+00,-4.995622000223473025e-01
1.371599710862708710e+00,8.941168755604403939e-01,-4.974489691916917922e-01
1.451139755823257493e+00,6.957173302451237218e-01,-4.897874527489572971e-01
1.510526559598900143e+00,4.919665822407404687e-01,-4.766921691926714333e-01
1.549404285076495302e+00,2.864730468100907257e-01,-4.582171009516474713e-01
1.567767815325130876e+00,8.252569264532445825e-02,-4.343056009968125908e-01
1.565925837529871689e+00,-1.169863453685843629e-01,-4.049026525277855670e-01
1.544455929343515166e+00,-3.096055006030413170e-01,-3.701715856236705848e-01
1.504157142464245256e+00,-4.933099546147749481e-01,-3.306624362425242269e-01
1.446004554606238113e+00,-6.664992874845890869e-01,-2.873004601090843879e-01
1.371109155220437081e+00,-8.279568302969623206e-01,-2.411829526929995249e-01
1.280685548702163779e+00,-9.767811041187083321e-01,-1.932948893130347623e-01
1.176029100042716102e+00,-1.112287389293958428e+00,-1.442945168215291896e-01
1.058503087551266431e+00,-1.233892603890378803e+00,-9.446809805329539622e-02
9.295352004850212513e-01,-1.341004290947291233e+00,-4.385807654156539948e-02
7.906215476700571010e-01,-1.432934505861942265e+00,7.511490161479311700e-03
6.433354569444615922e-01,-1.508853133874696661e+00,5.942221829625080054e-02
4.893378884481744961e-01,-1.567786182070366019e+00,1.113538561674215221e-01
3.303862910500978689e-01,-1.608656531697814751e+00,1.625190612588152950e-01
1.683391063420514033e-01,-1.630359726985384450e+00,2.120103402312548402e-01
5.153653308375139019e-03,-1.631865464989588732e+00,2.589803597911694011e-01
-1.571244207952118277e-01,-1.612334520754018508e+00,3.027698173422831429e-01
-3.163816148171105791e-01,-1.571239081573940988e+00,3.429337239297279849e-01
-4.704680351290997375e-01,-1.508472231935965135e+00,3.791752857769762342e-01
-6.172399706992572899e-01,-1.424431950524686963e+00,4.112427428263981666e-01
-7.546120427189217938e-01,-1.320068309609478741e+00,4.388538997013523568e-01
-8.806152565413618571e-01,-1.196888711322023235e+00,4.616851659248578654e-01
-9.934554491513944985e-01,-1.056921724778304261e+00,4.794184408680263187e-01
-1.091565961464057155e+00,-9.026429611129548336e-01,4.918074147181056288e-01
-1.173649257019495851e+00,-7.368675520670519008e-01,4.987196063946396363e-01
-1.238704253380219500e+00,-5.626167576724282471e-01,5.001289171162949243e-01
-1.286038444836199668e+00,-3.829724224215171335e-01,4.960638545996925997e-01
-1.315265752721788362e+00,-2.009386402443917308e-01,4.865461322319174498e-01
-1.326292236573048067e+00,-1.932925028738645412e-02,4.715682222980842608e-01
-1.319292481049082477e+00,1.593086274282489723e-01,4.511416180338824189e-01
-1.294679824168246229e+00,3.327354749838205561e-01,4.254006432469691346e-01
-1.253073720676551206e+00,4.990310493465413555e-01,3.946981567322563889e-01
-1.195267486150282332e+00,6.565823322492948533e-01,3.596194824152075808e-01
-1.122199407488138734e+00,8.040494968375532236e-01,3.208846939781960783e-01
-1.034929630710222925e+00,9.403103791721053595e-01,2.791798351811846102e-01
-9.346242946422880227e-01,1.064387303594915180e+00,2.350061565333757263e-01
-8.225471762602769576e-01,1.175366102218392994e+00,1.886311251208877271e-01
-7.000578912242068075e-01,1.272322003299602100e+00,1.401706997341517213e-01
-5.686147024548386941e-01,1.354267813675696486e+00,8.976190918843482414e-02
-4.297793893074206562e-01,1.420135807160373576e+00,3.773644202834244843e-02
-2.852214571176168167e-01,1.468797567431365581e+00,-1.529519637379653241e-02
-1.367191515527637069e-01,1.499118646553097678e+00,-6.849203740730405721e-02
1.384486496294345947e-02,1.510039841561015228e+00,-1.209349466940895790e-01
1.644948888820223498e-01,1.500674831636538142e+00,-1.717983252996610199e-01
3.131819423330097774e-01,1.470413562177683486e+00,-2.204500797629932729e-01
4.578128474872980025e-01,1.419020438108638649e+00,-2.664362522368338704e-01
5.962887822310201091e-01,1.346715825012329892e+00,-3.093785811439274669e-01
7.265522079032147307e-01,1.254229803159636836e+00,-3.488640174734004562e-01
8.466393657046182852e-01,1.142819734362722661e+00,-3.844038686442355912e-01
9.547339938392291891e-01,1.014247591018044181e+00,-4.154898242441237288e-01
1.049217209812618679e+00,8.707176599630058744e-01,-4.417081773129015732e-01
1.128708951450109188e+00,7.147793871078639283e-01,-4.628340118060850772e-01
1.192097702892685351e+00,5.492044682877298412e-01,-4.788384426659081372e-01
1.238556863600114744e+00,3.768522872110827149e-01,-4.897970104802641389e-01
1.267547638013036382e+00,2.005415240833164359e-01,-4.957523160755715752e-01
1.278809656840842246e+00,2.294472464113879451e-02,-4.966184574921445050e-01
1.272341705137347789e+00,-1.534843295215095327e-01,-4.921948165624644433e-01
1.248375804919686249e+00,-3.265499115280567355e-01,-4.822904915705282791e-01
1.207348308283840543e+00,-4.943257312464252595e-01,-4.668875732565683778e-01
1.149871580138368099e+00,-6.551437937165954795e-01,-4.462396222334109597e-01
1.076709410217010943e+00,-8.075625848586210909e-01,-4.208351954463555034e-01
9.887585824948958990e-01,-9.503144417097201258e-01,-3.912365720903682176e-01
8.870380368502132074e-01,-1.082234627289125450e+00,-3.578817376414750173e-01
7.726857880248318988e-01,-1.202181050925919203e+00,-3.209659734394253450e-01
6.469623732467042476e-01,-1.308959978111843947e+00,-2.804807712981843837e-01
5.112583824264318455e-01,-1.401275412940586884e+00,-2.364018660779950987e-01
3.671029049901239905e-01,-1.477716056563602942e+00,-1.889301103555897365e-01
2.161696878103069874e-01,-1.536784964301000977e+00,-1.386486035679058981e-01
6.027837798033863770e-02,-1.576967168331865787e+00,-8.649634743049464114e-02
-9.861088220037017571e-02,-1.596824079438817323e+00,-3.355982307102070572e-02
-2.584104602113519444e-01,-1.595102318249774109e+00,1.920736261512953624e-02
-4.169264550666611502e-01,-1.570846671823374452e+00,7.117982678068099367e-02
-5.718888559421262396e-01,-1.523508217475065374e+00,1.220635102357431057e-01
-7.209914473291509918e-01,-1.453037504499107735e+00,1.717164575241508506e-01
-8.619416559328334504e-01,-1.359951080480105157e+00,2.199064002183586941e-01
-9.925188125827142382e-01,-1.245361074851999428e+00,2.661551055635226204e-01
-1.110636861259622465e+00,-1.110962863904214837e+00,3.097548710126812876e-01
-1.214405539774875864e+00,-9.589819977371637494e-01,3.499296231651197742e-01
-1.302183645427561709e+00,-7.920848740426845724e-01,3.860289454938435894e-01
-1.372619410236357362e+00,-6.132581633750310290e-01,4.176390495885254905e-01
-1.424675335726919956e+00,-4.256637429178164456e-01,4.445604424878081273e-01
-1.457636884112088582e+00,-2.324816919332325926e-01,4.666849063553212273e-01
-1.471105738426136122e+00,-3.676072014031654678e-02,4.838569894573748753e-01
-1.464979329382652518e+00,1.587032885629005574e-01,4.958104951947842620e-01
-1.439419478132614616e+00,3.514468212390651769e-01,5.022297818218345311e-01
-1.394814297954968696e+00,5.393730090643983344e-01,5.029106050310571119e-01
-1.331738510498961192e+00,7.207440137885451348e-01,4.979198633383202788e-01
-1.250917681382064162e+00,8.941354328447771449e-01,4.876303810643162207e-01
-1.153201397354506108e+00,1.058354840994453872e+00,4.725669400306696799e-01
-1.039549053171952453e+00,1.212328313282785563e+00,4.531182206271208157e-01
-9.110297558270199492e-01,1.354966450550094015e+00,4.292762770384354054e-01
-7.688351666210835322e-01,1.485032357491302468e+00,4.005905164368809279e-01
-6.143014614427102504e-01,1.601041896445323465e+00,3.664353654031867746e-01
-4.489347577930289379e-01,1.701224546554972017e+00,3.265147669684037579e-01
-2.744339496075849372e-01,1.783558305518009979e+00,2.813465139081640087e-01
-9.270597686929638037e-02,1.845869256866570440e+00,2.324063726604411462e-01
9.412947347252687003e-02,1.885968402000779198e+00,1.817533740458426583e-01
2.837469640596916864e-01,1.901797237531192897e+00,1.312635962165530079e-01
4.736341921821420886e-01,1.891569445057445398e+00,8.188351769247134704e-02
6.611232617626192631e-01,1.853914421207374152e+00,3.336049626102863264e-02
8.434358924028020343e-01,1.788031551571458655e+00,-1.535103516420757708e-02
1.017744570910599444e+00,1.693847333357380469e+00,-6.522373685385143838e-02
1.181249980230065333e+00,1.572143874576200195e+00,-1.163495040575500961e-01
1.331270842791817843e+00,1.424617165285791520e+00,-1.676892596091309751e-01
1.465337247670789766e+00,1.253836910438541841e+00,-2.175326202060549330e-01
1.581275599363078488e+00,1.063108571002961744e+00,-2.643507152285035078e-01
1.677274605132191176e+00,8.562643981686032246e-01,-3.074592515111486124e-01
1.751926453929763206e+00,6.374211510144308646e-01,-3.470610949608402551e-01
1.804242569598031753e+00,4.107387900654389523e-01,-3.836959567001808624e-01
1.833646543384725103e+00,1.802049345821997162e-01,-4.175142343524075317e-01
1.839947816224470012e+00,-5.053995908048862507e-02,-4.478400872874505056e-01
1.823299689918575162e+00,-2.783303763215167481e-01,-4.732539078317091752e-01
1.784145482920282966e+00,-5.005562836670770510e-01,-4.921313757805353406e-01
1.723157501510497180e+00,-7.151972548943171804e-01,-5.033687607229470062e-01
1.641174837411788268e+00,-9.208064866192221531e-01,-5.069398161807799896e-01
1.539147370974724982e+00,-1.116435525860151268e+00,-5.039854576455812252e-01
1.418093949579578128e+00,-1.301491109418210224e+00,-4.963322378206714847e-01
1.279081653171977750e+00,-1.475526160829307765e+00,-4.856056786608508036e-01
1.123229980390596072e+00,-1.637986457767071302e+00,-4.723356125140486528e-01
9.517391301828020955e-01,-1.787957326159579141e+00,-4.555325755542841693e-01
7.659364996142004056e-01,-1.923971442866876602e+00,-4.330746313557486404e-01
5.673317120456342622e-01,-2.043935994315414284e+00,-4.028728391623107585e-01
3.576693957888337216e-01,-2.145204751938450727e+00,-3.642950540954049687e-01
1.389708592040095336e-01,-2.224765805104605754e+00,-3.190044133220669709e-01
-8.644051879391367876e-02,-2.279471147614526849e+00,-2.705338428752855906e-01
-3.159319402783953290e-01,-2.306237331620846653e+00,-2.226282385548518372e-01
-5.465719624488960537e-01,-2.302202734757944569e+00,-1.772475029430441718e-01
-7.751601212199081825e-01,-2.264895248749949630e+00,-1.335108349731985167e-01
-9.982786864388952797e-01,-2.192483761017525623e+00,-8.840177999657786168e-02
-1.212372535046368549e+00,-2.084129503466670030e+00,-3.894848830529898387e-02
-1.413862892410586047e+00,-1.940354336357979159e+00,1.546500003999082273e-02
-1.599294247795716162e+00,-1.763278720826177315e+00,7.226279579576097567e-02
-1.765500337456285651e+00,-1.556607560942621982e+00,1.270577630564229954e-01
-1.909760261103776058e+00,-1.325342713302948505e+00,1.764003514076176449e-01
-2.029911313223410119e+00,-1.075306631637295007e+00,2.198758169594821898e-01
-2.124398753813133034e+00,-8.126092900619338311e-01,2.599549374063298002e-01
-2.192266650293441366e+00,-5.431701122844164731e-01,2.998567051678361350e-01
-2.233110097995241183e+00,-2.723521919770225952e-01,3.411801642729227479e-01
-2.247008467566394607e+00,-4.719662546430011818e-03,3.828416282843346563e-01
-2.234449110797751992e+00,2.560901387005019569e-01,4.215731191985366832e-01
-2.196243445714475051e+00,5.073930462051893242e-01,4.533417582168891569e-01
-2.133437105354599517e+00,7.474059088714798404e-01,4.749515548128852016e-01
-2.047219440571400817e+00,9.751472462345825987e-01,4.852878915906541080e-01
-1.938840757753480526e+00,1.190311923989241683e+00,4.858058542087445586e-01
-1.809546699165255790e+00,1.393115208012120965e+00,4.800347286522946844e-01
-1.660538226563666564e+00,1.584082331853806869e+00,4.721942771014181472e-01
-1.492962987556173404e+00,1.763764445761113242e+00,4.653959361385017202e-01
-1.307939702595596332e+00,1.932391510242154942e+00,4.601491028704270958e-01
-1.106612094182331640e+00,2.089516997031340750e+00,4.539008098749331976e-01
-8.902237708855775811e-01,2.233748787302438643e+00,4.420534947214375121e-01
-6.602022386374974960e-01,2.362665169137847521e+00,4.202855360358580539e-01
-4.182406855899147846e-01,2.472957344435741778e+00,3.871568214039439182e-01
-1.663698076397948089e-01,2.560733270877339596e+00,3.454151502655048445e-01
9.298471560637966427e-02,2.621833987162762725e+00,3.008110496889216945e-01
3.569632021753978979e-01,2.652036392516651908e+00,2.586992388889627348e-01
6.222578023472287168e-01,2.647154752860253701e+00,2.203747099716995839e-01
8.851324792051922241e-01,2.603208907510917491e+00,1.816821495121068997e-01
1.141488194737760642e+00,2.516859405497740454e+00,1.353128667670756291e-01
1.386982790262687226e+00,2.386152375627556665e+00,7.586569968257603214e-02
1.617208578754839587e+00,2.211358921645844688e+00,4.597146010424463247e-03
1.827920152449063584e+00,1.995531334461599249e+00,-6.965119110187703577e-02
2.015290655547027576e+00,1.744467160936448158e+00,-1.348416406730993666e-01
2.176155823933580979e+00,1.466028671361605751e+00,-1.831268856437350545e-01
2.308190100003265854e+00,1.169047196009385337e+00,-2.158252914248538767e-01
2.409968648728486151e+00,8.621998186538045728e-01,-2.418188789032643948e-01
2.480909593114289269e+00,5.531971057609065268e-01,-2.709244968406149257e-01
2.521136441691060881e+00,2.483912994835487109e-01,-3.079430797006682541e-01
2.531317870854539631e+00,-4.731499669914655815e-02,-3.511534044713801039e-01
2.512523727569179410e+00,-3.304279284783257498e-01,-3.945040567780654372e-01
2.466104755625069256e+00,-5.987615956046515864e-01,-4.308803115388758487e-01
2.393585496491327014e+00,-8.512785941152946068e-01,-4.547880230051905004e-01
2.296562110220861541e+00,-1.087884705703500154e+00,-4.640440804326760871e-01
2.176608317878092613e+00,-1.309212357819328654e+00,-4.603921750222826903e-01
2.035200658479409341e+00,-1.516407430342260776e+00,-4.489051663311062201e-01
1.873674752613454508e+00,-1.710895666406117011e+00,-4.362240247749912259e-01
1.693219702524479953e+00,-1.894089576973543965e+00,-4.280991076171619669e-01
1.496693851939075115e+00,-2.034033693194359671e+00,4.230771240625127994e-02
1.287045055759413525e+00,-2.151943825603375160e+00,1.247877206442023768e-01
1.066516353861918898e+00,-2.251050770545349522e+00,1.619249087302446488e-01
8.370197005694584025e-01,-2.331745314857881723e+00,2.053870678616032952e-01
6.004736267358421475e-01,-2.392826603867487023e+00,2.539108820683136925e-01
3.589556627952992240e-01,-2.432182637149826299e+00,3.017338639575183334e-01
1.147708165498328992e-01,-2.447205623238142280e+00,3.453030134375109084e-01
-1.295219397743998524e-01,-2.435133580054325009e+00,3.830279850613987902e-01
-3.711111501236292742e-01,-2.393410882266390871e+00,4.146438721957633744e-01
-6.069623120788312232e-01,-2.320075985852598777e+00,4.407170460780162058e-01
-8.338806169875023766e-01,-2.214125360105393625e+00,4.620825541030012529e-01
-1.048610488353971748e+00,-2.075786225707865640e+00,4.792415878289898457e-01
-1.247968106454860893e+00,-1.906656236627716661e+00,4.919601576602826709e-01
-1.428993248706244446e+00,-1.709708638886164644e+00,4.992987613209675102e-01
-1.589098325315370763e+00,-1.489179253525973801e+00,5.000975052518964459e-01
-1.726190166462503450e+00,-1.250332250216539487e+00,4.936725023309901372e-01
-1.838746531899724923e+00,-9.990807608909461068e-01,4.803132370079435942e-01
-1.925841119108010036e+00,-7.414747109397749059e-01,4.612422187261796536e-01
-1.987121238536209811e+00,-4.831590743453217374e-01,4.380196435567950131e-01
-2.022748350800668504e+00,-2.289597236035076366e-01,4.117523197825317949e-01
-2.033314921381238705e+00,1.730166890054525564e-02,3.826080770047138868e-01
-2.019752075451044071e+00,2.527822620049773872e-01,3.499268490545642818e-01
-1.983240099976147919e+00,4.754805118151031462e-01,3.128207564568680210e-01
-1.925128962169734281e+00,6.840797789463478606e-01,2.708632359873871520e-01
-1.846871897122239092e+00,8.778132150690732827e-01,2.244691939023180927e-01
-1.749973442158550663e+00,1.056343602707599194e+00,1.748116571209646641e-01
-1.635953079923482933e+00,1.219636743089777431e+00,1.233970938111735582e-01
-1.506325278853356986e+00,1.367816637503780575e+00,7.156246818150688305e-02
-1.362595618980599221e+00,1.501008035883024894e+00,2.013354033503386709e-02
-1.206271233387169461e+00,1.619184900448888298e+00,-3.063603750631674338e-02
-1.038882470295854121e+00,1.722047785906841488e+00,-8.086196015314076058e-02
-8.620117000662899098e-01,1.808949563209687028e+00,-1.306832573339608283e-01
-6.773246300772866046e-01,1.878879942907409450e+00,-1.799399908508948764e-01
-4.865994744840913544e-01,1.930508943916902309e+00,-2.280220204543727258e-01
-2.917499118413002801e-01,1.962282102612614709e+00,-2.739540713642344416e-01
-9.483866478755120788e-02,1.972557695866493210e+00,-3.166658180063254280e-01
1.019208346048336988e-01,1.959776185710155216e+00,-3.553008508360210316e-01
2.961772252416803308e-01,1.922649921972862108e+00,-3.894026252420018652e-01
4.854711545157959218e-01,1.860355106905096312e+00,-4.188925095742265237e-01
6.672843222728730428e-01,1.772701893287207175e+00,-4.438764371618387772e-01
8.391069691302799338e-01,1.660258241340512475e+00,-4.644060909118731262e-01
9.985190244906891888e-01,1.524410554778080629e+00,-4.803301552656417117e-01
1.143276241885519129e+00,1.367354128978865324e+00,-4.913073517890423902e-01
1.271391042599706145e+00,1.192012455899273737e+00,-4.969574336209979792e-01
1.381199185366357440e+00,1.001886658919488360e+00,-4.970461167768834843e-01
1.471406573066651235e+00,8.008432651172298078e-01,-4.915760270709174096e-01
1.541113604173933282e+00,5.928660590430147037e-01,-4.807142071648701220e-01
1.589816760444234811e+00,3.818166913417203046e-01,-4.646080646148408322e-01
1.617389263851554571e+00,1.712496917185644674e-01,-4.432421686790039006e-01
1.624045053999544574e+00,-3.569668810163599548e-02,-4.164743549321104910e-01
1.610292189325574608e+00,-2.363448847042503576e-01,-3.842549195545404972e-01
1.576882039669857960e+00,-4.284847069859962221e-01,-3.468829843757862408e-01
1.524759500473909402e+00,-6.103610006236960261e-01,-3.051145039436536921e-01
1.455018008880324842e+00,-7.806424799971375394e-01,-2.600365621496126822e-01
1.368862102093927113e+00,-9.383618178372269414e-01,-2.127768781819813493e-01
1.267579510118094221e+00,-1.082821978076184744e+00,-1.642106665335464621e-01
1.152523889386296352e+00,-1.213477039100800292e+00,-1.148107275368676350e-01
1.025108117419401221e+00,-1.329807147235321674e+00,-6.469588630410530450e-02
8.868067594897572903e-01,-1.431210916715805803e+00,-1.383346059864468125e-02
7.391651819523468170e-01,-1.516934403517671948e+00,3.771028784690852453e-02
5.838120521841703159e-01,-1.586046880484236477e+00,8.958605930825566666e-02
4.224717391751149353e-01,-1.637464101591920462e+00,1.411183201500233186e-01
2.569733841697148247e-01,-1.670012868235033254e+00,1.914090890616176599e-01
8.925396540490626585e-02,-1.682527624887059092e+00,2.395276430040194915e-01
-7.864675092377981791e-02,-1.673969005858079173e+00,2.846905138344436592e-01
-2.446011024058127870e-01,-1.643553100816595114e+00,3.263511014404042454e-01
-4.064197090355532449e-01,-1.590877645486998171e+00,3.641733628909048504e-01
-5.618897836522409595e-01,-1.516029183937938507e+00,3.979269947985056843e-01
-7.088250658929251546e-01,-1.419656459792712377e+00,4.273764365052369341e-01
-8.451247157904002716e-01,-1.303000755990586734e+00,4.522261930928647145e-01
-9.688361314942268709e-01,-1.167880967314305574e+00,4.721421317652624294e-01
-1.078215089862774034e+00,-1.016635944297116234e+00,4.868221650178082838e-01
-1.171776683349561532e+00,-8.520280527655438307e-01,4.960661768460948862e-01
-1.248332265461239432e+00,-6.771132998696406391e-01,4.998017038162839709e-01
-1.307010192887106514e+00,-4.950887202967850231e-01,4.980501264419910923e-01
-1.347260531675660511e+00,-3.091357840341528163e-01,4.908545426835172476e-01
-1.368845533808376702e+00,-1.222826013258215133e-01,4.782200189137836288e-01
-1.371818631183664872e+00,6.269776202786821184e-02,4.601199702507682288e-01
-1.356495184477263694e+00,2.433478969036924622e-01,4.365856569609530835e-01
-1.323418438577888212e+00,4.175512158554893216e-01,4.078342200595511668e-01
-1.273324164535869274e+00,5.835298685216797621e-01,3.743488214326146091e-01
-1.207107330778783849e+00,7.398196307470782385e-01,3.368411746136484863e-01
-1.125793758272351619e+00,8.852219130664983338e-01,2.960969022860479027e-01
-1.030518950908011044e+00,1.018733809240595312e+00,2.527796866055379565e-01
-9.225151524287265037e-01,1.139462705827912314e+00,2.072998163971984942e-01
-8.031063535694260569e-01,1.246538682207163573e+00,1.598196427571377531e-01
-6.737097401214076076e-01,1.339041627880405594e+00,1.103953854502915666e-01
-5.358411687705786353e-01,1.415958516094504960e+00,5.918319224204079965e-02
-3.911217981156547285e-01,1.476180061203384630e+00,6.603884486277106225e-03
-2.412829824513667010e-01,1.518537642853346581e+00,-4.661781563385250515e-02
-8.816684934436636034e-02,1.541874204098679035e+00,-9.955737841597059323e-02
6.627955113373507068e-02,1.545138916312652322e+00,-1.512787104440579677e-01
2.200181933753950769e-01,1.527494446683217211e+00,-2.010036638737428272e-01
3.709434017017889662e-01,1.488425694799472287e+00,-2.481765620867630029e-01
5.169153127737609044e-01,1.427838414583876725e+00,-2.924047584458772109e-01
6.558032450231114918e-01,1.346135692207034884e+00,-3.333316585860482961e-01
7.855371522474834389e-01,1.244261461737611318e+00,-3.705349273896391127e-01
9.041634738597252863e-01,1.123703840130023002e+00,-4.035188899394103190e-01
1.009900295462619946e+00,9.864559372301061613e-01,-4.318039947108199827e-01
1.101186465533673831e+00,8.349363648682891492e-01,-4.550506335892211540e-01
1.176720265868280491e+00,6.718758581110878536e-01,-4.731306998678955766e-01
1.235484887167025203e+00,5.001814034981338919e-01,-4.860926473511862911e-01
1.276759679987509832e+00,3.227947573115662050e-01,-4.940346298994003904e-01
1.300117649591955304e+00,1.425649238158042675e-01,-4.969632296100076063e-01
1.305410972131229252e+00,-3.784956476332206055e-02,-4.947318420019587437e-01
1.292747419124296471e+00,-2.160421765630521906e-01,-4.871084951662157936e-01
1.262461303574960336e+00,-3.898868415483464633e-01,-4.739412915684911853e-01
1.215082761729802563e+00,-5.575402892190856052e-01,-4.553219726900056274e-01
1.151308926760905571e+00,-7.174227044195388148e-01,-4.316408534172967437e-01
1.071979989508303532e+00,-8.681769472098689322e-01,-4.034878265446809609e-01
9.780623276042641479e-01,-1.008606022821187276e+00,-3.714469800486074336e-01
8.706397770950532466e-01,-1.137593278732881297e+00,-3.358995313211724509e-01
7.509127558109648382e-01,-1.254017364498914988e+00,-2.969516024981163627e-01
6.202035401889649524e-01,-1.356679744855975978e+00,-2.545385536004590721e-01
4.799648818970858599e-01,-1.444262793706337478e+00,-2.086600543569236133e-01
3.317886252836397265e-01,-1.515330272194199468e+00,-1.596212959904522999e-01
1.774111619628804259e-01,-1.568371746363065755e+00,-1.081417342370986356e-01
1.871328606983424514e-02,-1.601882935251041085e+00,-5.525916827196400427e-02
-1.422870753434570812e-01,-1.614469174023991593e+00,-2.072647350840700620e-03
-3.034501186441864728e-01,-1.604959616480643669e+00,5.053529620864591343e-02
-4.625381008631139768e-01,-1.572522206169102654e+00,1.020421350787142634e-01
-6.172488168985472701e-01,-1.516770072622192211e+00,1.522211235957609821e-01
-7.652593782611869511e-01,-1.437848391600292652e+00,2.009225894476383834e-01
-9.042800146849250265e-01,-1.336489946270816853e+00,2.478438503122742664e-01
-1.032115466344443844e+00,-1.214030631208571132e+00,2.924272214912474466e-01
-1.146728995712785748e+00,-1.072382266852004884e+00,3.339351048988800086e-01
-1.246302447482852793e+00,-9.139654531613904398e-01,3.716380097199117882e-01
-1.329286083862059487e+00,-7.416071195270871330e-01,4.049907884606182007e-01
-1.394433903543590647e+00,-5.584079264560452005e-01,4.336964113721916148e-01
-1.440822621876897580e+00,-3.675881946611740392e-01,4.576361041950133268e-01
-1.467854372603435431e+00,-1.723283282027223140e-01,4.767230293624277193e-01
-1.475244355992489043e+00,2.437465820889157808e-02,4.907754755572523164e-01
-1.462995643174493710e+00,2.198151173003404790e-01,4.994944853635513438e-01
-1.431364513765419177e+00,4.116416303450998737e-01,5.025734792194879175e-01
-1.380820867660444984e+00,5.978753961274704265e-01,4.998830175193614833e-01
-1.312008994334209477e+00,7.768890463469747543e-01,4.916084612601804293e-01
-1.225714026206353724e+00,9.473492250211740240e-01,4.782242253558121048e-01
-1.122838639812620665e+00,1.108124618580921483e+00,4.602779237926765132e-01
-1.004392973816749413e+00,1.258164705862995225e+00,4.380836919187228728e-01
-8.714984119162283438e-01,1.396363887572611651e+00,4.115091812529269033e-01
-7.254031967303984363e-01,1.521436486629171858e+00,3.800262116188289907e-01
-5.675054425715233553e-01,1.631833471811126257e+00,3.430703792357644444e-01
-3.993777346495239744e-01,1.725725679628712372e+00,3.005673614450711240e-01
-2.227875925323978823e-01,1.801060133623307413e+00,2.533331306513656456e-01
-3.970947855245321456e-02,1.855673586146885823e+00,2.030577282935962236e-01
1.476740042701212285e-01,1.887434064976648118e+00,1.517875744677706640e-01
3.369825081258250865e-01,1.894385940789837575e+00,1.011367369362784208e-01
5.256602183208889389e-01,1.874891862354513661e+00,5.167409283893484306e-02
7.110109429041637785e-01,1.827779155763670671e+00,2.874643766803547384e-03
8.902479179612965421e-01,1.752494768201461772e+00,-4.630321141064644430e-02
1.060560034074321978e+00,1.649253061900260553e+00,-9.654496633029299724e-02
1.219193557079452761e+00,1.519141225982769461e+00,-1.475424715408567844e-01
1.363543660828484549e+00,1.364145089194612970e+00,-1.979876089849927079e-01
1.491245516316045183e+00,1.187077150617429799e+00,-2.461904713726294214e-01
1.600253191450186740e+00,9.914163200727229563e-01,-2.908984532925461552e-01
1.688897313587819138e+00,7.810888951749389575e-01,-3.317620909244257676e-01
1.755917567654363243e+00,5.602260091506500173e-01,-3.691629598835791670e-01
1.800470630118195414e+00,3.329285810981515437e-01,-4.035750341309071176e-01
1.822116440494252920e+00,1.030630824399219742e-01,-4.349118914515993639e-01
1.820786313969266379e+00,-1.258976217131399511e-01,-4.622564367284996978e-01
1.796736611535266981e+00,-3.509836846751090422e-01,-4.841061384716783822e-01
1.750492243047632179e+00,-5.697898759894145515e-01,-4.989963504612663359e-01
1.682785260493390833e+00,-7.804909237259992638e-01,-5.061914039831921786e-01
1.594495021561786130e+00,-9.818058970663444684e-01,-5.060930352594726900e-01
1.486597419399195985e+00,-1.172901805481791238e+00,-5.001258749546809712e-01
1.360130688323527348e+00,-1.353229991628106754e+00,-4.900935578952970717e-01
1.216183560267596775e+00,-1.522303014782061092e+00,-4.772645454801011100e-01
1.055907930544339068e+00,-1.679441169088504049e+00,-4.616263721280279286e-01
8.805533813836050605e-01,-1.823539363819937309e+00,-4.417473914802886314e-01
6.915162616337042767e-01,-1.952915861283661458e+00,-4.154589434964296446e-01
4.903931569307728999e-01,-2.065291409406166068e+00,-3.811490847385715641e-01
2.790286219031730131e-01,-2.157905746660624402e+00,-3.390144734492724909e-01
5.954972682850434573e-02,-2.227724937722892484e+00,-2.914587805562877110e-01
-1.656163088193853827e-01,-2.271663659362760157e+00,-2.421983903009962413e-01
-3.937422370210741374e-01,-2.286769332734504445e+00,-1.944305029622813985e-01
-6.218186420712823459e-01,-2.270378196955762817e+00,-1.491313837090305905e-01
-8.465909877393114069e-01,-2.220306211814436992e+00,-1.046277747245884238e-01
-1.064620187669655715e+00,-2.135129329715390156e+00,-5.786313520704769453e-02
-1.272372973530655704e+00,-2.014533610503139727e+00,-6.666709041558110949e-03
-1.466345948682966638e+00,-1.859628472501745344e+00,4.844265203770245498e-02
-1.643218014970695195e+00,-1.673086414596191895e+00,1.042286001192945510e-01
-1.800011450801412893e+00,-1.459028079848883275e+00,1.566470201209807234e-01
-1.934230567380384569e+00,-1.222673825106026735e+00,2.033864135387613847e-01
-2.043949486973176022e+00,-9.698625301830344769e-01,2.451297993986639445e-01
-2.127838944957101575e+00,-7.065554163901152096e-01,2.846272127139241048e-01
-2.185143270087672285e+00,-4.384091743627484550e-01,3.244534626180762826e-01
-2.215627640472320081e+00,-1.704563254431460950e-01,3.651602366837874980e-01
-2.219510397539714575e+00,9.309974357946677881e-02,4.048387045176679022e-01
-2.197385917920387399e+00,3.489797502375109883e-01,4.399658515362244726e-01
-2.150139541246186781e+00,5.948279509860067149e-01,4.668685251642540335e-01
-2.078857939079515660e+00,8.291437117712109339e-01,4.831778141601245080e-01
-1.984741812400817595e+00,1.051174982482640408e+00,4.887935576216290157e-01
-1.869029905725122953e+00,1.260784998823348380e+00,4.860021558142716414e-01
-1.732943461071676738e+00,1.458278376913429986e+00,4.786268337825373420e-01
-1.577658588824048858e+00,1.644163049437817881e+00,4.704573741823833144e-01
-1.404310763322595301e+00,1.818840165437011214e+00,4.635458609159951449e-01
-1.214031065124850040e+00,1.982250556631631744e+00,4.571075310120659152e-01
-1.008008535101654113e+00,2.133550031386419299e+00,4.476574942520653577e-01
-7.875684299895777674e-01,2.270913158439906709e+00,4.305964076951508401e-01
-5.542543284511067814e-01,2.391545483542026673e+00,4.027304257428835355e-01
-3.099040251575380100e-01,2.491903327927326828e+00,3.644331156434955643e-01
-5.671309999578100225e-02,2.568016129924180824e+00,3.199461727649034470e-01
2.027175803736074311e-01,2.615761910270617996e+00,2.751860734596708324e-01
4.653548747941067543e-01,2.631020297068955571e+00,2.340693765933837545e-01
7.277338948520235551e-01,2.609782362655253429e+00,1.956565392755774402e-01
9.859957737675701939e-01,2.548409019678885556e+00,1.542759459505916586e-01
1.235973434944946048e+00,2.444183235707544810e+00,1.030851832648761179e-01
1.473332940233591071e+00,2.296093519665244997e+00,3.918605455687082517e-02
1.693769603436555693e+00,2.105558648558098156e+00,-3.306822183493909884e-02
1.893245554962847743e+00,1.876737301773960587e+00,-1.033461302796655767e-01
2.068239074876631278e+00,1.616221324924898672e+00,-1.611519810304901379e-01
2.215958451558007525e+00,1.332183596692573024e+00,-2.024678371751395256e-01
2.334468254047016078e+00,1.033279484991440844e+00,-2.320308977667170647e-01
2.422699200303352285e+00,7.276694097824519813e-01,-2.593553309566135612e-01
2.480356339951991895e+00,4.224024865134071161e-01,-2.921308422716367703e-01
2.507773631137180104e+00,1.231657549909728894e-01,-3.321864400278516927e-01
2.505764059374734121e+00,-1.657495283128921915e-01,-3.757446594800956108e-01
2.475489667831588747e+00,-4.413901670075512373e-01,-4.161764198332963405e-01
2.418350034068946997e+00,-7.020256748696206417e-01,-4.470085862991527437e-01
2.335878993837499529e+00,-9.469774605895900921e-01,-4.641557299248023627e-01
2.229646378913683336e+00,-1.176415920110361890e+00,-4.671555917195649998e-01
2.101171866323172210e+00,-1.391152224758636757e+00,-4.592748098659430456e-01
1.951862829064384242e+00,-1.592421291691511920e+00,-4.463930652112441111e-01
1.782986292273422091e+00,-1.781623772686892204e+00,-4.348940176968812965e-01
1.595679745664363214e+00,-1.959996802491100754e+00,-4.291986481205231074e-01
1.390999556613436106e+00,-2.128218705018915635e+00,-4.298256042886282602e-01
1.170000405252119346e+00,-2.286009347311805051e+00,-4.328602861262328405e-01
9.338350312030974099e-01,-2.431839893012183396e+00,-4.313883606575191765e-01
6.838616592112862769e-01,-2.562871777161687348e+00,-4.186812722679081888e-01
4.217478085142896127e-01,-2.675169126069658176e+00,-3.918106566493523291e-01
1.495626067398785342e-01,-2.764092192246118351e+00,-3.535702379518897986e-01
-1.301481072149137663e-01,-2.824677989282661450e+00,-3.110247043388173482e-01
-4.143105913862406009e-01,-2.851853748177814118e+00,-2.709222879842602127e-01
-6.993055031054902226e-01,-2.840518842023159962e+00,-2.345657045441288668e-01
-9.809953131888520250e-01,-2.785742049132585052e+00,-1.957942757059615568e-01
-1.254806895214163776e+00,-2.683353802889586248e+00,-1.443120993857906209e-01
-1.515874657934369596e+00,-2.530968068077406485e+00,-7.314355852760914822e-02
-1.759248209069290469e+00,-2.329094129408103342e+00,1.442147274336033624e-02
-1.980171109498906956e+00,-2.081805953445309498e+00,1.039049109170190055e-01
-2.173266252767192874e+00,-1.774481982666591628e+00,4.501487495619994617e-01
-2.334152732328784730e+00,-1.440818658078504066e+00,4.751595787284185191e-01
-2.460875898730652267e+00,-1.094818835230226606e+00,4.617169483916779837e-01
-2.552935630212087581e+00,-7.490483400135571346e-01,4.420696082344574007e-01
-2.610916230629301893e+00,-4.135332032909124211e-01,4.177369080448255501e-01
-2.636193120202904971e+00,-9.512208008303184303e-02,3.905098180246494577e-01
-2.630656175650632811e+00,2.023641343550311444e-01,3.618422203923427061e-01
-2.596470034582859299e+00,4.774401204104402052e-01,3.311422932616022718e-01
-2.535893715960740202e+00,7.301238994805404614e-01,2.962409722657167732e-01
-2.451159150310703083e+00,9.612464266604784369e-01,2.550003685429754752e-01
-2.344395597405528164e+00,1.172002835985482383e+00,2.067583867163829969e-01
-2.217588294309096320e+00,1.363709726138860878e+00,1.527955024788053284e-01
-2.072564868124959325e+00,1.537675485159844646e+00,9.575492110912872668e-02
-1.911005555024759994e+00,1.695099165577754752e+00,3.851272814025716307e-02
-1.734472990988407348e+00,1.836954070692492058e+00,-1.686320924509235319e-02
-1.544456425983885994e+00,1.963854023343074351e+00,-6.962286287418809061e-02
-1.342424896069710494e+00,2.075926778212756396e+00,-1.201868100737658873e-01
-1.129884046090655181e+00,2.172725995196075122e+00,-1.694958746386251713e-01
-9.084315335523103219e-01,2.253203693205946934e+00,-2.181896955917369818e-01
-6.798064830141534731e-01,2.315747821893646474e+00,-2.660027249870725585e-01
-4.459297967839532806e-01,2.358276852225107856e+00,-3.116727273861289449e-01
-2.089339062181092554e-01,2.378383806700584913e+00,-3.534094032608027236e-01
2.881879267086806529e-02,2.373532065596391405e+00,-3.896643257968374074e-01
2.647314788878756264e-01,2.341309109995330928e+00,-4.197640974564392780e-01
4.959889111476780688e-01,2.279729809241047178e+00,-4.440529498721988988e-01
7.196029204782046218e-01,2.187553700301645421e+00,-4.634902789254012889e-01
9.324938591931608567e-01,2.064561825079351820e+00,-4.789607323270878014e-01
1.131605853014839402e+00,1.911744084888524986e+00,-4.906922452956524738e-01
1.314042695093365909e+00,1.731371887712471525e+00,-4.980950784703860323e-01
1.477204147528142109e+00,1.526949797057491898e+00,-5.001062296560806475e-01
1.618903210845059615e+00,1.303038516852561335e+00,-4.958483540135648626e-01
1.737451508037032966e+00,1.064936697937605592e+00,-4.851992958653684740e-01
1.831706415416987310e+00,8.182382822520305465e-01,-4.688749612450041626e-01
1.901077031728586109e+00,5.683492495692074042e-01,-4.479488356871331733e-01
1.945489654692472481e+00,3.200928300057127029e-01,-4.231697075709891509e-01
1.965320417363882521e+00,7.749487168542208704e-02,-3.945949465334105399e-01
1.961309921803294998e+00,-1.562554087040057271e-01,-3.617755197241453446e-01
1.934475967633879634e+00,-3.787448233102709838e-01,-3.242914917169957834e-01
1.886035104713028376e+00,-5.882492531187076823e-01,-2.822258195261159175e-01
1.817336960010875302e+00,-7.836471499108005334e-01,-2.362915328514506863e-01
1.729811696834300694e+00,-9.643222130060352670e-01,-1.876108329333422697e-01
1.624930720531748474e+00,-1.130038296932579955e+00,-1.373426758714845486e-01
1.504181425622908463e+00,-1.280785560346865859e+00,-8.637480492786156483e-02
1.369056553560355827e+00,-1.416614080599553072e+00,-3.520156150400768902e-02
1.221057432838798640e+00,-1.537478801055945477e+00,1.600114017969186953e-02
1.061708745090844674e+00,-1.643117605582288698e+00,6.716952474490764380e-02
8.925811753181023267e-01,-1.732976554411360448e+00,1.181183024511963386e-01
7.153176375771796991e-01,-1.806187011011767263e+00,1.683832345562475685e-01
5.316587464038242672e-01,-1.861592104628080557e+00,2.172054977701403933e-01
3.434637324569800310e-01,-1.897817036348600661e+00,2.636591376098732509e-01
1.527237996036940881e-01,-1.913378558471879431e+00,3.068577567674805051e-01
-3.843445150995949966e-02,-1.906829603259568851e+00,3.461412088722494174e-01
-2.277577539251154359e-01,-1.876931121846571182e+00,3.811569992588442757e-01
-4.128894026706688702e-01,-1.822834370735116005e+00,4.118081697592498314e-01
-5.914090221055967600e-01,-1.744248383798604474e+00,4.381078181571947949e-01
-7.608894109660033767e-01,-1.641566146804260606e+00,4.600219216535305078e-01
-9.189680532067756591e-01,-1.515931394521116582e+00,4.773770691186126625e-01
-1.063427151765756085e+00,-1.369240826626706431e+00,4.898672541189722507e-01
-1.192273027304781463e+00,-1.204085284703163561e+00,4.971421124631473232e-01
-1.303805015472517370e+00,-1.023634416320757134e+00,4.989236975115386441e-01
-1.396666142838826952e+00,-8.314687215541028964e-01,4.950897186837107666e-01
-1.469871798122307505e+00,-6.313705081685992981e-01,4.856775580805202663e-01
-1.522816475456337360e+00,-4.271015636153682737e-01,4.708055529592581889e-01
-1.555261256402307390e+00,-2.222066978328280373e-01,4.505662158115723015e-01
-1.567306007128050682e+00,-1.987474512213631417e-02,4.249822973595865916e-01
-1.559350772194914692e+00,1.771351097437515176e-01,3.940863256550056759e-01
-1.532050873831275917e+00,3.665157327193975800e-01,3.580919634404960972e-01
-1.486269992943194618e+00,5.464027401531036388e-01,3.175412396946865057e-01
-1.423035207978254890e+00,7.153439008144298894e-01,2.733108839322920813e-01
-1.343497586888900530e+00,8.722465572600376360e-01,2.264494148029382037e-01
-1.248901238919945422e+00,1.016299607607534794e+00,1.779253196599438203e-01
-1.140562596847810584e+00,1.146872806896489072e+00,1.284180743172907702e-01
-1.019860262927625216e+00,1.263405457913312047e+00,7.825355625975558005e-02
-8.882343247293855715e-01,1.365302807922111006e+00,2.750528519151171358e-02
-7.471928865227439598e-01,1.451858774974409405e+00,-2.379713533137564618e-02
-5.983227891559066425e-01,1.522218461351416918e+00,-7.545487784171914236e-02
-4.433011422625068310e-01,1.575385784641904374e+00,-1.269789097747963391e-01
-2.839043566059344936e-01,1.610273626543793357e+00,-1.776093237791275536e-01
-1.220117551039578974e-01,1.625788501470905478e+00,-2.264540992622211812e-01
4.039861942158995411e-02,1.620939234881043189e+00,-2.726701725321208913e-01
2.012638601059839605e-01,1.594958049459242799e+00,-3.155956963128289106e-01
3.584610473655429619e-01,1.547421216929817822e+00,-3.547781690505021901e-01
5.098436207418861610e-01,1.478355134383047220e+00,-3.899065534685891565e-01
6.532884128486704522e-01,1.388313984036642301e+00,-4.207076533682531094e-01
7.867505739553035671e-01,1.278418291405049478e+00,-4.468780059565499174e-01
9.083217408291694994e-01,1.150348899022221039e+00,-4.680900761079868078e-01
1.016285777930643119e+00,1.006295948368105320e+00,-4.840591840108078303e-01
1.109166719633514431e+00,8.488663885455717262e-01,-4.946177354608362053e-01
1.185764942596209792e+00,6.809576965768256995e-01,-4.997387964620411127e-01
1.245179398240581214e+00,5.056115007947264983e-01,-4.994848388256595273e-01
1.286815371741299341e+00,3.258668817787116478e-01,-4.939110963360821005e-01
1.310378604556538207e+00,1.446342444701594343e-01,-4.829929610535802498e-01
1.315857832746930578e+00,-3.539634431426123828e-02,-4.666419030072478380e-01
1.303498788158262700e+00,-2.118102274354571324e-01,-4.448194446677408154e-01
1.273773257591151342e+00,-3.824933305488117941e-01,-4.176869740132690412e-01
1.227346805520078021e+00,-5.456350415641663121e-01,-3.856930707839271166e-01
1.165048377687407433e+00,-6.997115128024785635e-01,-3.495302382701669375e-01
1.087844387336712293e+00,-8.434478487743329866e-01,-3.099715632276104360e-01
9.968190896099282661e-01,-9.757587170037408386e-01,-2.676717572073999962e-01
8.931620615393260909e-01,-1.095672963563826707e+00,-2.230390317498251174e-01
7.781624941164877463e-01,-1.202254804036505975e+00,-1.762445110762033418e-01
6.532089459703687151e-01,-1.294537859683283942e+00,-1.273616787243244952e-01
5.197924100642652423e-01,-1.371486723453461787e+00,-7.656157347205297392e-02
3.795101466626249476e-01,-1.431994654440499781e+00,-2.426344099752700267e-02
2.340677637706380931e-01,-1.474918141321082787e+00,2.883327397739318676e-02
8.527737913027277905e-02,-1.499142512921129766e+00,8.184576964170528490e-02
-6.494982431277729340e-02,-1.503669181655311826e+00,1.338763850005076639e-01
-2.146179415194404694e-01,-1.487714000373389966e+00,1.841621317996481044e-01
-3.616686323873337106e-01,-1.450805925544738750e+00,2.321335320948872682e-01
-5.040121248127584774e-01,-1.392874782339587947e+00,2.773692270533939519e-01
-6.395670574883236537e-01,-1.314317183309118287e+00,3.194934521336375566e-01
-7.663080138033431243e-01,-1.216031928536472018e+00,3.580899266198639408e-01
-8.823178579189476789e-01,-1.099420530873768564e+00,3.926852511540158686e-01
-9.858403955162933219e-01,-9.663530101243084092e-01,4.228052288112092993e-01
-1.075328198042279526e+00,-8.191018345126811484e-01,4.480623536625597536e-01
-1.149481015481300661e+00,-6.602481040757323116e-01,4.682180459885881829e-01
-1.207271770969742919e+00,-4.925661393890196638e-01,4.831824924356550310e-01
-1.247958998885043913e+00,-3.188970503209953011e-01,4.929528913194144435e-01
-1.271086203044231810e+00,-1.420265395068744385e-01,4.975272300533316594e-01
-1.276469815425559817e+00,3.541712804287107386e-02,4.968482606003971069e-01
-1.264178308772536896e+00,2.110343025525123761e-01,4.908191816827337517e-01
-1.234505617497297481e+00,3.826917779871104597e-01,4.793893629321769323e-01
-1.187942329362609017e+00,5.485306884028008367e-01,4.626576052783616388e-01
-1.125148097363593225e+00,7.069489582985147846e-01,4.409180943143365949e-01
-1.046928366555234691e+00,8.565610173089409640e-01,4.146028363098136493e-01
-9.542177732457226558e-01,9.961369482703136269e-01,3.841405777853336145e-01
-8.480714383171499282e-01,1.124526316960998029e+00,3.498135534687375481e-01
-7.296639532431987707e-01,1.240577642595833252e+00,3.117082497176636435e-01
-6.002944189695764710e-01,1.343069436785672144e+00,2.698110397097960300e-01
-4.613947933020707826e-01,1.430669438301164442e+00,2.242156819438701765e-01
-3.145383052664214585e-01,1.501933539999474876e+00,1.753332228323455089e-01
-1.614448709745925914e-01,1.555346565262369252e+00,1.239742300906837291e-01
-3.981111625221744887e-03,1.589397796953513575e+00,7.123192856944168816e-02
1.558466281708159595e-01,1.602679306203670384e+00,1.820893247617302868e-02
3.159073024730416623e-01,1.593995718167223741e+00,-3.426748611991140003e-02
4.739691102537679779e-01,1.562476974535324414e+00,-8.577735203822026144e-02
6.277332930966961211e-01,1.507686551615018855e+00,-1.362082861541714929e-01
7.748784041851519699e-01,1.429715074187299484e+00,-1.854856060320716760e-01
9.131144587342121532e-01,1.329246166234939741e+00,-2.332990752187004413e-01
1.040244248822028039e+00,1.207581785758724768e+00,-2.789945675224326793e-01
1.154226840392057030e+00,1.066619444617058710e+00,-3.216941150541458017e-01
1.253237025942070870e+00,9.087810903809038221e-01,-3.605632651856548465e-01
1.335714940851759014e+00,7.368998039990709570e-01,-3.950540413430100317e-01
1.400401787951554011e+00,5.540752551247595248e-01,-4.249738217895046022e-01
1.446359655264815913e+00,3.635134447304773642e-01,-4.503469806877876680e-01
1.472975070058560654e+00,1.683702436927292934e-01,-4.711672169144424105e-01
1.479947253086972392e+00,-2.838180673486172256e-02,-4.872030276800646265e-01
1.467263344369801770e+00,-2.240503484263280387e-01,-4.979846111269071729e-01
1.435164185028078077e+00,-4.162802737525287955e-01,-5.029912325600679468e-01
1.384105274084620696e+00,-6.030739195223039362e-01,-5.019339650599096148e-01
1.314718053219787741e+00,-7.827769147862807531e-01,-4.949597413491250153e-01
1.227776660025872379e+00,-9.540283023474974700e-01,-4.826337387731644002e-01
1.124174666324837535e+00,-1.115672744549097262e+00,-4.656777233700327701e-01
1.004914921784369364e+00,-1.266638946885482619e+00,-4.445881011573763475e-01
8.711134029764555642e-01,-1.405800425130243392e+00,-4.193485596841571850e-01
7.240152244616506749e-01,-1.531846694394881192e+00,-3.894332077735117581e-01
5.650183821611300949e-01,-1.643197810317434504e+00,-3.541604805317223326e-01
3.956991968425691564e-01,-1.737987706982428771e+00,-3.132561812705861870e-01
2.178333713847735442e-01,-1.814122337240584359e+00,-2.673199189422535982e-01
3.340801005828475390e-02,-1.869395798716448676e+00,-2.178826812087610032e-01
-1.553778511677361696e-01,-1.901634847612731827e+00,-1.669455932055018688e-01
-3.461247345982407797e-01,-1.908847600601095928e+00,-1.162089756438337285e-01
-5.362560054430167700e-01,-1.889369900998828067e+00,-6.642945623407317535e-02
-7.230533892910251392e-01,-1.842015934684619660e+00,-1.730278191562209522e-02
-9.037065304977149882e-01,-1.766234917597081955e+00,3.204130524047851813e-02
-1.075378837342860328e+00,-1.662255975336958125e+00,8.223494932125671730e-02
-1.235289659796376283e+00,-1.531186133448297904e+00,1.330669766324870940e-01
-1.380807752981798808e+00,-1.375028202713073577e+00,1.834545405182080591e-01
-1.509545250671407546e+00,-1.196606865692180444e+00,2.319747148376432866e-01
-1.619438850199913071e+00,-9.994166737005568679e-01,2.775514231619337080e-01
-1.708807921983767075e+00,-7.874182575605886969e-01,3.198090411191100157e-01
-1.776386001705830830e+00,-5.648070085999564727e-01,3.588901361924808908e-01
-1.821327924411237698e+00,-3.357735921173771731e-01,3.949353895502508704e-01
-1.843196591863295319e+00,-1.042772038144443164e-01,4.276092307352808985e-01
-1.841932116311990386e+00,1.261434682725307010e-01,4.559516997806934979e-01
-1.817805206816063057e+00,3.525001696634520454e-01,4.786201362664382897e-01
-1.771358025271066561e+00,5.724175130741374629e-01,4.944069024065623763e-01
-1.703338486111666272e+00,7.841323506961738188e-01,5.028018899095297867e-01
-1.614636244311143054e+00,9.864372747371702443e-01,5.043145573636945711e-01
-1.506229323626973704e+00,1.178569440341211694e+00,5.003333517016369525e-01
-1.379149321594945521e+00,1.360041674068145801e+00,4.925017756262616286e-01
-1.234470550625319740e+00,1.530419625362074987e+00,4.818508733167544689e-01
-1.073324578767332449e+00,1.689067765756729456e+00,4.681146475668808149e-01
-8.969369383815088970e-01,1.834911342000631107e+00,4.496608091856327816e-01
-7.066783467001978014e-01,1.966277311037660125e+00,4.242437104652719837e-01
-5.041201746101535708e-01,2.080868138336269269e+00,3.903564620684204511e-01
-2.910842603541461404e-01,2.175879904188826597e+00,3.484953071012836245e-01
-6.968007117939589712e-02,2.248216765636472658e+00,3.014801435875636981e-01
1.576742799824304431e-01,2.294718308659878137e+00,2.533818816129870255e-01
3.882484585211576356e-01,2.312339379520901517e+00,2.074799219596588917e-01
6.190148992655373217e-01,2.298293835116525408e+00,1.644413925138244748e-01
8.466851208697467879e-01,2.250237463983071784e+00,1.219604639839556304e-01
1.067772448637181126e+00,2.166560856462510287e+00,7.627710397788053931e-02
1.278686865991502719e+00,2.046780099787083529e+00,2.478105467570199116e-02
1.475863856162992649e+00,1.891907479281648596e+00,-3.192202393733115096e-02
1.655919870557184259e+00,1.704637066957328306e+00,-8.994484202823574415e-02
1.815815160818839535e+00,1.489232603067460081e+00,-1.443020894089574180e-01
1.952996105547823547e+00,1.251126494502425635e+00,-1.919590263999932100e-01
2.065490389400381765e+00,9.963534421147527409e-01,-2.335320823196848361e-01
2.151941266027263211e+00,7.309864880840474255e-01,-2.723863347344003261e-01
2.211585365343351484e+00,4.607022395829341588e-01,-3.119773516010521108e-01
2.244191922465266664e+00,1.905125180827623166e-01,-3.534907465203832588e-01
2.249983880080099752e+00,-7.537461305322616656e-02,-3.951463668533011786e-01
2.229554652869099485e+00,-3.336190892295187171e-01,-4.330966237635084370e-01
2.183785165183835364e+00,-5.817679570427057856e-01,-4.630870606403379997e-01
2.113760675116651555e+00,-8.182329240233326972e-01,-4.821028531137631079e-01
2.020688079062454179e+00,-1.042221456327864226e+00,-4.894972090179027235e-01
1.905819240560716610e+00,-1.253615588248772506e+00,-4.872751393264326270e-01
1.770390029734530968e+00,-1.452789528481117864e+00,-4.793918513596270303e-01
1.615585344972874315e+00,-1.640356427479949142e+00,-4.702282197634036764e-01
1.442537192397923329e+00,-1.816845693462516786e+00,-4.627482263966317122e-01
1.252357328305069961e+00,-1.982339149293869562e+00,-4.570709517503505070e-01
1.046199679910218228e+00,-2.136131731764877806e+00,-4.501851601921319501e-01
8.253423112522138005e-01,-2.276511350390373778e+00,-4.372054653174589633e-01
5.912758418085624079e-01,-2.400742087249515322e+00,-4.138725377967179542e-01
3.457861277435079206e-01,-2.505264984532148631e+00,-3.791353561677271999e-01
9.102267701791588728e-02,-2.586027396698160175e+00,-3.361990528938366696e-01
-1.704521602246085177e-01,-2.638791231390670511e+00,-2.909930884205113033e-01
-4.356367932650075936e-01,-2.659320167889330122e+00,-2.485734926667763356e-01
-7.010911673186039916e-01,-2.643492217459687765e+00,-2.095806361725368883e-01
-9.629710267710558380e-01,-2.587518236874826627e+00,-1.692933431783007203e-01
-1.217103584056232757e+00,-2.488438543660739910e+00,-1.204664097516900123e-01
-1.459112813817098564e+00,-2.344882577044792527e+00,-5.863275835138384573e-02
-1.684601203909135814e+00,-2.157832623341345624e+00,1.353812523110317634e-02
-1.889387562912413498e+00,-1.931028936607603663e+00,8.630660405428156046e-02
-2.069777876339386147e+00,-1.670782343056972374e+00,1.482234646511767229e-01
-2.222811262421251932e+00,-1.385225161080827272e+00,1.934483743431581748e-01
-2.346408793172340523e+00,-1.083255437934353305e+00,2.252770089188186053e-01
-2.439389027031863222e+00,-7.735057530863312936e-01,2.529511820947999423e-01
-2.501375973574105238e+00,-4.635835230461060052e-01,2.848874250361842497e-01
-2.532657792702428523e+00,-1.596522108530839534e-01,3.239349751138956846e-01
-2.534040900034258748e+00,1.337105517195789628e-01,3.670515508480417521e-01
-2.506714248273566703e+00,4.134573426565191778e-01,4.078560135859800040e-01
-2.452122438742679655e+00,6.778732125982872558e-01,4.397139796265702172e-01
-2.371846816003354341e+00,9.263058466893790976e-01,4.581844038184880175e-01
-2.267499058872610718e+00,1.158907547576598196e+00,4.624895846393667354e-01
-2.140634658880754770e+00,1.376432473096775189e+00,4.557648199415592627e-01
-1.992693687439344830e+00,1.580063700963586504e+00,4.439411542982679704e-01
-1.824974486854887390e+00,1.771204949889822577e+00,4.335339133974213111e-01
-1.638642900275258940e+00,1.951183094051584410e+00,4.290708951651350800e-01
-1.436528806510090073e+00,2.088516283378890392e+00,-4.200970751376079115e-02
-1.221535435408935166e+00,2.203850364299980491e+00,-1.261843082403234784e-01
-9.959515458169112545e-01,2.300083692843339467e+00,-1.657662966809684557e-01
-7.617504144242885911e-01,2.377302289260708967e+00,-2.113310651926571249e-01
-5.209245679600262857e-01,2.434009147751141633e+00,-2.612664306350015453e-01
-2.756375101564494390e-01,2.467839531332330694e+00,-3.095841744780162275e-01
-2.829297232991456745e-02,2.476019764186668581e+00,-3.525595152211674632e-01
2.184376387770374794e-01,2.455737341440471511e+00,-3.887240795411069927e-01
4.616182703645488328e-01,2.404508857025051682e+00,-4.183109046687764065e-01
6.980855854747749500e-01,2.320559688528948783e+00,-4.425322637177454554e-01
9.245284092986023605e-01,2.203174597087887321e+00,-4.626429411711124873e-01
1.137610043815141081e+00,2.052960039313724394e+00,-4.790952554166924005e-01
1.334120951715750403e+00,1.871977446005196333e+00,-4.911967576831958171e-01
1.511138489327336742e+00,1.663735000161716604e+00,-4.974704156026038548e-01
1.666169067916753344e+00,1.433031861486339542e+00,-4.965471413388985455e-01
1.797255581292470650e+00,1.185635906904765724e+00,-4.880699782879150961e-01
1.903041549088945406e+00,9.277917277604589286e-01,-4.729928546655993715e-01
1.982787560434215557e+00,6.656334758248457772e-01,-4.530209436503344067e-01
2.036338531406714836e+00,4.046611622936902575e-01,-4.295905781911858456e-01
2.064048339003266896e+00,1.494272166607737984e-01,-4.031414542126557921e-01
2.066679268708742967e+00,-9.653639721764244175e-02,-3.731450830351238368e-01
2.045297864864890514e+00,-3.306346443559002313e-01,-3.387417407864649066e-01
2.001182522276938158e+00,-5.510769006926886648e-01,-2.994651535852784763e-01
1.935748060310529928e+00,-7.567511771903739914e-01,-2.556142078206465884e-01
1.850486422770314832e+00,-9.471040731130743184e-01,-2.081650977762354027e-01
1.746922076412829927e+00,-1.122005535897834472e+00,-1.583965958761811843e-01
1.626582318910780867e+00,-1.281588915522926309e+00,-1.074794785452059254e-01
1.490983369165463257e+00,-1.426075794740338631e+00,-5.621038637958722384e-02
1.341632062048072838e+00,-1.555606463451422394e+00,-4.960642330592041072e-03
1.180041122010216714e+00,-1.670098344138175372e+00,4.618088758831614959e-02
1.007754377279781899e+00,-1.769149326910025133e+00,9.715620735272775810e-02
8.263773507703973120e-01,-1.851994317774489085e+00,1.476959996012351117e-01
6.376084614739034873e-01,-1.917514735424607375e+00,1.971949942414664425e-01
4.432665139503255691e-01,-1.964295691902566476e+00,2.447588232362772620e-01
2.453110388441313017e-01,-1.990725702204956926e+00,2.893967552693322842e-01
4.585291450588946383e-02,-1.995136225568233224e+00,3.302651244088349314e-01
-1.528469686301827668e-01,-1.975977280849177342e+00,3.668428242983691190e-01
-3.483935231795960430e-01,-1.932017161015908480e+00,3.989582725495591786e-01
-5.382905484610820412e-01,-1.862542169872556608e+00,4.266667479704818744e-01
-7.199930858213063889e-01,-1.767525032389297701e+00,4.500524805947446749e-01
-8.909784771315025775e-01,-1.647734965658365747e+00,4.690603439653767692e-01
-1.048831407616765299e+00,-1.504776430789217523e+00,4.834360846109956311e-01
-1.191333856554797732e+00,-1.341057375853532685e+00,4.927925151777924340e-01
-1.316548395166307062e+00,-1.159692253483545210e+00,4.967569908327175154e-01
-1.422884200063852633e+00,-9.643421963091488580e-01,4.951189462404624875e-01
-1.509139163948801654e+00,-7.589973600501968010e-01,4.878952274264872768e-01
-1.574516471050735555e+00,-5.477236262895691654e-01,4.752697314924415606e-01
-1.618617852686761838e+00,-3.344175529025099070e-01,4.574394504311197762e-01
-1.641417842976873098e+00,-1.226172660466106484e-01,4.344757826605371021e-01
-1.643224229847245477e+00,8.460616090065704864e-02,4.063217112208644677e-01
-1.624630025408181355e+00,2.846855133251240955e-01,3.729580188289344234e-01
-1.586461899427520139e+00,4.755492498756693220e-01,3.346399554463300730e-01
-1.529729456544775212e+00,6.555899415098397354e-01,2.920383224446919668e-01
-1.455579256865746851e+00,8.236146685134179135e-01,2.461752948686875830e-01
-1.365256955690220098e+00,9.787721775285528336e-01,1.981792386708985665e-01
-1.260080046272858967e+00,1.120453567693979080e+00,1.489917064170026284e-01
-1.141422344711981340e+00,1.248173279164806138e+00,9.917694892377934557e-02
-1.010709807208822975e+00,1.361447048754923506e+00,4.891789531393694879e-02
-8.694258523095774738e-01,1.459687827352017520e+00,-1.814570662081710362e-03
-7.191232869691626117e-01,1.542138185675604456e+00,-5.300929087108588456e-02
-5.614392910911678580e-01,1.607850215684678341e+00,-1.043990309815942263e-01
-3.981097333744492150e-01,1.655714625274152363e+00,-1.553764491982409235e-01
-2.309793488563489650e-01,1.684533005608986889e+00,-2.050712607661512588e-01
-6.200485979612868626e-02,1.693122995086418170e+00,-2.525396445568733883e-01
1.067512805834420764e-01,1.680444626916531403e+00,-2.969647159291258776e-01
2.731383509913827279e-01,1.645735294183092057e+00,-3.377699617450043990e-01
4.349473201027469482e-01,1.588639121779298113e+00,-3.746043195965135242e-01
5.899535726304880878e-01,1.509315144450548152e+00,-4.072329661472721130e-01
7.359708822842410125e-01,1.408509855192604965e+00,-4.354158730374769748e-01
8.709127986787770226e-01,1.287584203856828813e+00,-4.588509416875111713e-01
9.928556522929428141e-01,1.148491086209652456e+00,-4.772087473016927150e-01
1.100096706342391428e+00,9.937042168064190717e-01,-4.902248027579815259e-01
1.191201887920096736e+00,8.261030221915922622e-01,-4.977786387126573731e-01
1.265039436094447911e+00,6.488235032707762029e-01,-4.998976273929730541e-01
1.320797819300991049e+00,4.650930389977164237e-01,-4.966742830188738411e-01
1.357987941183775638e+00,2.780736291453019260e-01,-4.881506068181994396e-01
1.376431071557803421e+00,9.073630267394945659e-02,-4.742584580469301203e-01
1.376235233647154388e+00,-9.422220534211171727e-02,-4.548783934501346993e-01
1.357763742558200759e+00,-2.744237095314831509e-01,-4.299997810722021585e-01
1.321599940383456406e+00,-4.478242246991401276e-01,-3.998861177130282885e-01
1.268511933877325859e+00,-6.127086159813864841e-01,-3.651322047992425768e-01
1.199420576242878012e+00,-7.676645591570211424e-01,-3.265613280216729253e-01
1.115373222562404898e+00,-9.115325609237584503e-01,-2.850088005820029524e-01
1.017524911213984140e+00,-1.043332484034601437e+00,-2.411065717186790247e-01
9.071275400404200662e-01,-1.162175269702307334e+00,-1.951817227280844558e-01
7.855264098160196218e-01,-1.267175895932495466e+00,-1.473177637928106132e-01
6.541624110407850967e-01,-1.357385918112797407e+00,-9.754268706860816374e-02
5.145773516420077964e-01,-1.431760209003750228e+00,-4.604619314239247196e-02
3.684195949253934455e-01,-1.489164630396304867e+00,6.681842416521671657e-03
2.174473023570717700e-01,-1.528422763381829030e+00,5.985593277848519356e-02
6.352701980384689584e-02,-1.548393621794869057e+00,1.125318226897558949e-01
-9.137412650851639562e-02,-1.548069569034910886e+00,1.637979551572311399e-01
-2.452039636713891912e-01,-1.526683200842942734e+00,2.129217962124510810e-01
-3.958496389180450326e-01,-1.483811761822181774e+00,2.593855738806308819e-01
-5.411715879968845844e-01,-1.419467173437803931e+00,3.028144540216101133e-01
-6.790470336392571138e-01,-1.334160304718329693e+00,3.428601372052381135e-01
-8.074213895418964615e-01,-1.228931158287235315e+00,3.791191676545889733e-01
-9.243639802560232877e-01,-1.105341624800239453e+00,4.111325436200513606e-01
-1.028122893733654175e+00,-9.654319361708375569e-01,4.384570993031314812e-01
-1.117173365230512916e+00,-8.116441320194046627e-01,4.607563859400539696e-01
-1.190255091905350726e+00,-6.467168811342870471e-01,4.778522951976026389e-01
-1.246395800561969525e+00,-4.735588568872481363e-01,4.897061677616630915e-01
-1.284920422986348898e+00,-2.951134305589261930e-01,4.963406623497473857e-01
-1.305446840841126610e+00,-1.142322231021177109e-01,4.977499579700531696e-01
-1.307870281636599907e+00,6.642585004632535484e-02,4.938581170332082548e-01
-1.292339220622100493e+00,2.444608182509371841e-01,4.845620848609922815e-01
-1.259226143498702877e+00,4.177631340930945680e-01,4.698424375841580014e-01
-1.209096740884500365e+00,5.845154638382811241e-01,4.498724036975073615e-01
-1.142681022009366609e+00,7.431693950505858792e-01,4.250440343380955666e-01
-1.060849422207796211e+00,8.923990837340872728e-01,3.958757912229015075e-01
-9.645961731148997576e-01,1.031033778315836313e+00,3.628425209888800351e-01
-8.550309921965173476e-01,1.157975340371190098e+00,3.262265641353633283e-01
-7.333786736641310089e-01,1.272113344635598109e+00,2.860887107550337261e-01
-6.009847307350189016e-01,1.372255117637510180e+00,2.423962912291937888e-01
-4.593241977453719205e-01,1.457087725673234635e+00,1.952544961671759116e-01
-3.100102877343309249e-01,1.525182500213096093e+00,1.451163252901420397e-01
-1.547998373568113539e-01,1.575042575080246143e+00,9.284160488365497677e-02
4.406855256314790026e-03,1.605184806526749997e+00,3.955023888624506490e-02
1.655734411103486625e-01,1.614243371741397981e+00,-1.366553086726543520e-02
3.265433274131293029e-01,1.601083541388066633e+00,-6.601298006643854799e-02
4.850649047367172617e-01,1.564916936523250923e+00,-1.170984033542527281e-01
6.388271864594432525e-01,1.505409940928211787e+00,-1.667984105324588351e-01
7.855063283044081412e-01,1.422774289987609242e+00,-2.149867916623630359e-01
9.228219985897925248e-01,1.317826493355619411e+00,-2.612893904676641954e-01
1.048600259027643977e+00,1.192004277267288748e+00,-3.050195005190846631e-01
1.160837429160113787e+00,1.047333953786271143e+00,-3.453300822233923428e-01
1.257758491963193670e+00,8.863496703810048727e-01,-3.814808869782001510e-01
1.337864411283455457e+00,7.119713528395087421e-01,-4.130478669025922089e-01
1.399964684462082776e+00,5.273531587679957111e-01,-4.399443540795690000e-01
1.443193520072356684e+00,3.357196225804111589e-01,-4.622475300857235014e-01
1.467009668267528877e+00,1.402106878386140676e-01,-4.799467619532197249e-01
1.471181288706136403e+00,-5.624473924120836077e-02,-4.927776215297871021e-01
1.455758581298125076e+00,-2.510155896200016445e-01,-5.002534352098467751e-01
1.421038128096445696e+00,-4.418152235000062933e-01,-5.018868035619991064e-01
1.367523705725048000e+00,-6.267126860169299762e-01,-4.974736651319392466e-01
1.295888604096160579e+00,-8.041115149405958507e-01,-4.872626191534880080e-01
1.206944267469557852e+00,-9.726943651130338653e-01,-4.718869436971192544e-01
1.101619307653967761e+00,-1.131331471652758269e+00,-4.520697622048618358e-01
9.809514614175107727e-01,-1.278958290559381483e+00,-4.282509087743920917e-01
8.460928511557053167e-01,-1.414439933918561154e+00,-4.003505379256085961e-01
6.983263015869978219e-01,-1.536450978470584205e+00,-3.678377582406727742e-01
5.390881483440741473e-01,-1.643402081802572967e+00,-3.301218772625321707e-01
3.699917003661863379e-01,-1.733435443848867274e+00,-2.870916774853472520e-01
1.928457229495927905e-01,-1.804491388441800348e+00,-2.394993644460800264e-01
9.663821708413733447e-03,-1.854427563398290291e+00,-1.889226903100126587e-01
-1.773373201280865619e-01,-1.881162727490697906e+00,-1.372610487929836476e-01
-3.657512547862935559e-01,-1.882824179365594874e+00,-8.601448646324630354e-02
-5.530065818635445662e-01,-1.857893768933634115e+00,-3.576206837359766078e-02
-7.364040241254274921e-01,-1.805356558419257462e+00,1.383826881324776159e-02
-9.131677256657877439e-01,-1.724849149243582014e+00,6.352226293864302042e-02
-1.080512637088394401e+00,-1.616787354267011034e+00,1.136940476143120937e-01
-1.235727061920429692e+00,-1.482441559173804047e+00,1.639609495308416987e-01
-1.376264245168627776e+00,-1.323934566159959525e+00,2.132096898883969194e-01
-1.499831905635829132e+00,-1.144157262683986653e+00,2.601336828038068871e-01
-1.604467337862045762e+00,-9.466168233093822382e-01,3.038162183606186728e-01
-1.688589478760050833e+00,-7.352389336762358285e-01,3.439679372275560310e-01
-1.751025657256011003e+00,-5.141429640976086235e-01,3.807044239624798321e-01
-1.791015387322383967e+00,-2.874085114768211713e-01,4.140766242311809675e-01
-1.808194548248802436e+00,-5.885723041938299704e-02,4.436836243218306164e-01
-1.802562307000223685e+00,1.681228000077704121e-01,4.685907917161057368e-01
-1.774433031438070296e+00,3.906904805597671282e-01,4.875945978810375392e-01
-1.724377218037494552e+00,6.065985756036197385e-01,4.997180571453537778e-01
-1.653157958877867317e+00,8.141810099573748571e-01,5.047044585607193268e-01
-1.561671168383560238e+00,1.012287223469128028e+00,5.032358914634568192e-01
-1.450897979965438234e+00,1.200163383599200051e+00,4.966952393283133871e-01
-1.321876358937021267e+00,1.377278129740248991e+00,4.865089063437534334e-01
-1.175696185526797999e+00,1.543100290192991997e+00,4.733510221411901808e-01
-1.013518094662503310e+00,1.696856332383763322e+00,4.566294255020107995e-01
-8.366118400418323109e-01,1.837317453555672442e+00,4.346212306330085040e-01
-6.464060500025576861e-01,1.962676166648815501e+00,4.053544657322402101e-01
-4.445394126134047941e-01,2.070555577591691510e+00,3.679034425804726949e-01
-2.329043444826581766e-01,2.158148826719131108e+00,3.233837264315749804e-01
-1.367727248816152930e-02,2.222433314086362799e+00,2.749110236801141083e-01
2.106671295722584158e-01,2.260383315690484007e+00,2.263072064256935467e-01
4.373586513897873562e-01,2.269138645581840308e+00,1.801660810114092681e-01
6.633523509907257587e-01,2.246154528697922537e+00,1.364526075715673803e-01
8.853705178090172101e-01,2.189402429076948486e+00,9.262322987008606012e-02
1.099971014044787809e+00,2.097668082310212512e+00,4.535508127143547674e-02
1.303646913772186000e+00,1.970909291350831927e+00,-7.093946206716911229e-03
1.492957121973266910e+00,1.810552294582340016e+00,-6.340337024871903204e-02
1.664677671993673336e+00,1.619587881932801343e+00,-1.196706900615264468e-01
1.815952623896687657e+00,1.402395552642063725e+00,-1.716825214928522636e-01
1.944418209280513565e+00,1.164333461086353827e+00,-2.174562987405056769e-01
2.048278812056135934e+00,9.112166427647084843e-01,-2.581941173901834974e-01
2.126327215490201983e+00,6.488232418948988167e-01,-2.969981136003180255e-01
2.177916818723843129e+00,3.825208469611849904e-01,-3.364621817045733154e-01
2.202902406778886046e+00,1.170315302258016638e-01,-3.768888891331175772e-01
2.201565875580094644e+00,-1.436970318111276401e-01,-4.160345580654808417e-01
2.174537042698800882e+00,-3.965540623627161199e-01,-4.501354139921051045e-01
2.122712927752397505e+00,-6.392820572193046447e-01,-4.754773486205553512e-01
2.047176137645139171e+00,-8.704496054917162384e-01,-4.898503432695423543e-01
1.949115053225051630e+00,-1.089375865481210903e+00,-4.934219483854295207e-01
1.829752767498729726e+00,-1.295998280743861253e+00,-4.887319220103921724e-01
1.690294598586892683e+00,-1.490672889107198751e+00,-4.797494921539541268e-01
1.531903426778394417e+00,-1.673901287383765757e+00,-4.702670820474043056e-01
1.355708212868642404e+00,-1.845995740052098322e+00,-4.622134731037493838e-01
1.162845229387611701e+00,-2.006724410936233660e+00,-4.546186407102769111e-01
9.545253827496538168e-01,-2.155013171729851962e+00,-4.438514930950151482e-01
7.321162235229852211e-01,-2.288796488900398884e+00,-4.253022446648603294e-01
4.972255740201827479e-01,-2.405079182890693446e+00,-3.959199954406545929e-01
2.517757220094856141e-01,-2.500187520010817011e+00,-3.562723920739802042e-01
-1.938887033969383111e-03,-2.570096429587750642e+00,-3.106856023551333168e-01
-2.612143509940785258e-01,-2.610696041222928088e+00,-2.649582543457970063e-01
-5.229233956389189864e-01,-2.617945930743624139e+00,-2.227474763273324110e-01
-7.835290022649010755e-01,-2.588010443872819977e+00,-1.829180156127893364e-01
-1.039131977142444763e+00,-2.517554391392465618e+00,-1.399162285307699316e-01
-1.285560704985576175e+00,-2.404307123944441571e+00,-8.745262081091201289e-02
-1.518511436355692412e+00,-2.247795702531604434e+00,-2.343549109703704780e-02
-1.733743926396277724e+00,-2.049955810040064108e+00,4.724284862792668682e-02
-1.927324324063994565e+00,-1.815312528286277649e+00,1.145958823230824597e-01
-2.095879940374085315e+00,-1.550602434751630065e+00,1.695114343514444177e-01
-2.236803077896041714e+00,-1.263951588797253445e+00,2.096244733087882783e-01
-2.348346325157052661e+00,-9.638808374024582237e-01,2.403364279692209171e-01
-2.429598475041394146e+00,-6.584200503668516946e-01,2.703045962667215418e-01
-2.480379957539369684e+00,-3.544992165301527609e-01,3.055453340690900133e-01
-2.501108991230473144e+00,-5.763371487617001410e-02,3.465085318591815122e-01
-2.492668482316834577e+00,2.281586696959168603e-01,3.888843301669834274e-01
-2.456280197031079027e+00,5.002684531124791389e-01,4.262737472614287482e-01
-2.393384854608898493e+00,7.572876126306463673e-01,4.529326054102637000e-01
-2.305529991193498773e+00,9.987602812337995628e-01,4.658173724317248299e-01
-2.194271701733905289e+00,1.224959883445714715e+00,4.656181385125631733e-01
-2.061097943446131175e+00,1.436708226475150729e+00,4.565187990387568062e-01
-1.907380496252211843e+00,1.635194351122924550e+00,4.446699734153111150e-01
-1.734360536867101787e+00,1.821732604781880260e+00,4.358278155862745917e-01
-1.543169437097945407e+00,1.997426329452700378e+00,4.329874034995196963e-01
-1.334882343107330671e+00,2.162759319710005457e+00,4.349415590580275603e-01
-1.110597803740845935e+00,2.317201631215487723e+00,4.365201216801207762e-01
-8.715331867258317988e-01,2.458960340844292602e+00,4.307683015063358267e-01
-6.191248782940725892e-01,2.584986768462734119e+00,4.124204502898888292e-01
-3.551252586465081240e-01,2.691245221155806000e+00,3.809654294768581861e-01
-8.169214206476405060e-02,2.773103442125286477e+00,3.412208748277255621e-01
1.985339560100640721e-01,2.825640570203620694e+00,3.004453399638994382e-01
4.823742037017619833e-01,2.843772882254889112e+00,2.632891744739439543e-01
7.660924792603711619e-01,2.822324116375917846e+00,2.277736409230069758e-01
1.045430598196037453e+00,2.756338665906106655e+00,1.854622572945324455e-01
1.315712345215837020e+00,2.641867799124192118e+00,1.266743016947121381e-01
1.572021422899718246e+00,2.477132762543533318e+00,4.810586378224965265e-02
1.809447019226307463e+00,2.263609948540684869e+00,-4.223183383571185723e-02
2.023382684182703173e+00,2.006492195032409498e+00,-1.272119031914488441e-01
2.208759960689228308e+00,1.694799942758924649e+00,-4.568330913072716770e-01
2.361687770311489132e+00,1.359915873851500256e+00,-4.782318675488116400e-01
2.480440983501362773e+00,1.015695994282969528e+00,-4.595605440401345776e-01
2.564739830984049895e+00,6.739196366858360987e-01,-4.366035687386730091e-01
2.615360276757062952e+00,3.435947364991827624e-01,-4.117132083428219902e-01
2.633807852223926105e+00,3.076618064735987812e-02,-3.844174280361204454e-01
2.622030679449017576e+00,-2.611446553131228643e-01,-3.539598785439440620e-01
2.582199646181878805e+00,-5.307446045160252313e-01,-3.194280626562334691e-01
2.516556388852990267e+00,-7.780442628279972128e-01,-2.800416539065128108e-01
2.427308781212889066e+00,-1.003913110886282434e+00,-2.355076744123937582e-01
2.316558608298457500e+00,-1.209656773122050888e+00,-1.863101449547290012e-01
2.186257898503662922e+00,-1.396718846269198844e+00,-1.337229561610132900e-01
2.038194856852140191e+00,-1.566478935335079870e+00,-7.944957891617324131e-02
1.874007857605796801e+00,-1.720107648418224722e+00,-2.506098221637845236e-02
1.695221905997559952e+00,-1.858450255015857033e+00,2.845605111810808885e-02
1.503299764556834006e+00,-1.981930546384333747e+00,8.081232222819320632e-02
1.299699975556336984e+00,-2.090480571561355916e+00,1.321684962476038228e-01
1.085935237679910514e+00,-2.183503937198317146e+00,1.826848561875234755e-01
8.636260731574174621e-01,-2.259874030723334926e+00,2.321057848574338001e-01
6.345462895587832275e-01,-2.317964160705320964e+00,2.795839906816109943e-01
4.006584482682067350e-01,-2.355712585490413957e+00,3.238316272147540031e-01
1.641387774366658281e-01,-2.370739069833312840e+00,3.635254665665240692e-01
-7.260940868146570359e-02,-2.360536411690199898e+00,3.977615825333867816e-01
-3.069570397727916511e-01,-2.322745836531341368e+00,4.263259926995058846e-01
-5.360715417031360897e-01,-2.255490726284888225e+00,4.496420915962983100e-01
-7.569672815468015958e-01,-2.157709388401029216e+00,4.684198482010611952e-01
-9.665888653488068361e-01,-2.029418668015029681e+00,4.831807208900283923e-01
-1.161925440682592958e+00,-1.871863136913260783e+00,4.938984470300437080e-01
-1.340145355076967748e+00,-1.687541538223547244e+00,4.999477364859029604e-01
-1.498732553461235240e+00,-1.480123168434135161e+00,5.004048969831939031e-01
-1.635603045088894314e+00,-1.254257042507555875e+00,4.945579263626126432e-01
-1.749184198365299148e+00,-1.015259241490190201e+00,4.823459323626718698e-01
-1.838449354881615649e+00,-7.686846155061620722e-01,4.644494924337249087e-01
-1.902909706283765212e+00,-5.198558661760995792e-01,4.419429500640273956e-01
-1.942571234157178361e+00,-2.734744672393800147e-01,4.157118913001295324e-01
-1.957867530269061129e+00,-3.340918828469179036e-02,3.860185442481832707e-01
-1.949580448499453000e+00,1.973332360392417439e-01,3.525033086895729140e-01
-1.918759230962437501e+00,4.165252410632954150e-01,3.146052873194332689e-01
-1.866645415483490611e+00,6.226020970663216358e-01,2.721074288092307780e-01
-1.794607596090451063e+00,8.145520717888831141e-01,2.254645077861237856e-01
-1.704088435349005559e+00,9.918123730254143622e-01,1.757538130841521384e-01
-1.596565755720124935e+00,1.154154278515857390e+00,1.243302483137068426e-01
-1.473528902906578120e+00,1.301547967817739737e+00,7.240499776940620413e-02
-1.336470394314001497e+00,1.434013001768493778e+00,2.075624003961248909e-02
-1.186891413442377585e+00,1.551472290002903653e+00,-3.032269322113481658e-02
-1.026318399883312305e+00,1.653631329148006701e+00,-8.085245299939206043e-02
-8.563270111310326005e-01,1.739901067478883068e+00,-1.308775392618787559e-01
-6.785691583140700534e-01,1.809374668846112311e+00,-1.801972650876041693e-01
-4.947987315550068654e-01,1.860859328577188165e+00,-2.282386332159066777e-01
-3.068920775456318584e-01,1.892957589569479238e+00,-2.741229268847834577e-01
-1.168600618137773939e-01,1.904189708871233178e+00,-3.168841065188817696e-01
7.315081594192807124e-02,1.893147674191662189e+00,-3.557222735350481502e-01
2.608705885415687487e-01,1.858669008165561243e+00,-3.901625898646631230e-01
4.439335516930504877e-01,1.800013259884039263e+00,-4.200493570862592341e-01
6.199230761457898975e-01,1.717019068811376448e+00,-4.453999280286750073e-01
7.864328205093980007e-01,1.610219665698803260e+00,-4.662149533037985849e-01
9.411402490272584576e-01,1.480901142561352080e+00,-4.823518212100604829e-01
1.081885071526516473e+00,1.331096841449314061e+00,-4.935206676993227903e-01
1.206743713812983509e+00,1.163517306330296597e+00,-4.993894136490989455e-01
1.314091882867744143e+00,9.814180572160359217e-01,-4.997226476513755289e-01
1.402649874641600292e+00,7.884132111372837981e-01,-4.944589912557165734e-01
1.471507974683822884e+00,5.882565179438329350e-01,-4.836715734235400577e-01
1.520131394146261528e+00,3.846263564262900059e-01,-4.674443676614085108e-01
1.548346054934777616e+00,1.809529787290953817e-01,-4.457747875580199137e-01
1.556308571726456202e+00,-1.969178720714929998e-02,-4.186081799210131793e-01
1.544465464690387257e+00,-2.146481897636169367e-01,-3.860101601491098267e-01
1.513507181648285460e+00,-4.016857529204058141e-01,-3.483640124261785376e-01
1.464321888679257277e+00,-5.789993164265948566e-01,-3.064440599685528399e-01
1.397952905866080009e+00,-7.451849252925716316e-01,-2.612943491288294284e-01
1.315562690082457298e+00,-8.991880822441445931e-01,-2.139708653887001655e-01
1.218405414243354024e+00,-1.040220619161945637e+00,-1.652873446943462776e-01
1.107809227278343744e+00,-1.167653719232457421e+00,-1.156923296293303205e-01
9.851681213421732419e-01,-1.280904773671619923e+00,-6.532431600716850917e-02
8.519421316639252950e-01,-1.379339284569861102e+00,-1.420129841164655127e-02
7.096635795345040965e-01,-1.462205434663905956e+00,3.755423293418655439e-02
5.599464180441160455e-01,-1.528610985778606102e+00,8.955781337499044148e-02
4.044955339746139078e-01,-1.577543557764633286e+00,1.411355302011568502e-01
2.451130657722628836e-01,-1.607929019392856818e+00,1.914251957990014963e-01
8.369926043546738192e-02,-1.618719615509047083e+00,2.395466383591323412e-01
-7.775411769995366207e-02,-1.609002271125903549e+00,2.847559458345142458e-01
-2.371794425134694517e-01,-1.578116170801975082e+00,3.265168705512689895e-01
-3.924592126148913618e-01,-1.525766513524001278e+00,3.644731177625243346e-01
-5.414629720895074438e-01,-1.452119855747206367e+00,3.983582433239786225e-01
-6.820944655722402938e-01,-1.357867985475517125e+00,4.279057516475955891e-01
-8.123464067651864351e-01,-1.244252288982478527e+00,4.528094806399377559e-01
-9.303582375026311357e-01,-1.113046763503670045e+00,4.727462839410162543e-01
-1.034471018925037678e+00,-9.665020885328204914e-01,4.874353781437673616e-01
-1.123273765412490244e+00,-8.072548312510577917e-01,4.966922276795980862e-01
-1.195637068155691596e+00,-6.382075968253105858e-01,5.004436008150560111e-01
-1.250732065335238952e+00,-4.623905507146057192e-01,4.986955360581742935e-01
-1.288034873943147973e+00,-2.828209450042697415e-01,4.914753996343205200e-01
-1.307318065961002640e+00,-1.023798099946626045e-01,4.787904285671612525e-01
-1.308631658945323517e+00,7.627996633707197216e-02,4.606432575613251812e-01
-1.292276577402414306e+00,2.507899437962242684e-01,4.371117671991652243e-01
-1.258773765714757298e+00,4.190909079881331434e-01,4.084511416422412777e-01
-1.208832168067277779e+00,5.794322555497116722e-01,3.751467302365608658e-01
-1.143318639526219593e+00,7.303492864695061426e-01,3.378659735084948990e-01
-1.063232437673877984e+00,8.706190554393681280e-01,2.973183780743750004e-01
-9.696861801508591672e-01,9.991967210597224591e-01,2.540931199243868788e-01
-8.638940726178214735e-01,1.115139319622298286e+00,2.085629250338623952e-01
-7.471670021187561961e-01,1.217529424493800638e+00,1.609089112932363397e-01
-6.209130059421907877e-01,1.305413823331032175e+00,1.112558964360726710e-01
-4.866408651527114326e-01,1.377770465532693889e+00,5.984842707138224305e-02
-3.459642209940489987e-01,1.433511129525462779e+00,7.175794598007850800e-03
-2.006036452471244846e-01,1.471519930594815895e+00,-4.601879309674675178e-02
-5.238439835557628932e-02,1.490721713756328226e+00,-9.884732926880804293e-02
9.677198029911582289e-02,1.490171075753772056e+00,-1.504427611024727052e-01
2.448637170507150795e-01,1.469151746763802668e+00,-2.000912242436704569e-01
3.898335715585135031e-01,1.427275732096758842e+00,-2.472655104738478438e-01
5.296028453708732098e-01,1.364571055260061838e+00,-2.915575156223663145e-01
6.621141303566686620e-01,1.281546833782003736e+00,-3.325685997517747738e-01
7.853807881018532999e-01,1.179226079640226521e+00,-3.698379666203140959e-01
8.975395272253914314e-01,1.059140338707164508e+00,-4.028587250117691143e-01
9.969013573200025125e-01,9.232849100169139289e-01,-4.311704774038861432e-01
1.081996146550645133e+00,7.740376757746644243e-01,-4.544653846433180933e-01
1.151606976236831947e+00,6.140486205907044193e-01,-4.726341585305756654e-01
1.204791994718255266e+00,4.461117140354707300e-01,-4.857156135588428514e-01
1.240893021120553108e+00,2.730352300925210085e-01,-4.937754229179961429e-01
1.259531531191490750e+00,9.752781711777720741e-02,-4.967884986629914623e-01
1.260593875351776028e+00,-7.788674721270198720e-02,-4.946033707142279967e-01
1.244208574826237701e+00,-2.509217200809691906e-01,-4.870198814114036212e-01
1.210719146453697492e+00,-4.195497416607631425e-01,-4.739394360314267418e-01
1.160656025248258727e+00,-5.820011543968918177e-01,-4.554955013358937821e-01
1.094710858039389167e+00,-7.367417525050524718e-01,-4.320770494289806196e-01
1.013715848574317180e+00,-8.824304365546763451e-01,-4.042194438035383586e-01
9.186299757718946468e-01,-1.017857758336242258e+00,-3.724185866484407414e-01
8.105327707664448100e-01,-1.141871197462604792e+00,-3.369751402585069444e-01
6.906250087672261007e-01,-1.253299571853508931e+00,-2.979653487059056305e-01
5.602343878102737929e-01,-1.350893213183179009e+00,-2.553676368169252031e-01
4.208233454323084821e-01,-1.433295458438339276e+00,-2.092849456993849666e-01
2.739958508297812845e-01,-1.499054345459091886e+00,-1.601405997535511327e-01
1.215003459416943432e-01,-1.546673912888397284e+00,-1.087295791455648308e-01
-3.477321097211816259e-02,-1.574696556545399639e+00,-5.608298000229186564e-02
-1.928034032558889610e-01,-1.581804588008829393e+00,-3.212118623477838719e-03
-3.504551968744900048e-01,-1.566930034127836047e+00,4.912628435426821816e-02
-5.055061908955005290e-01,-1.529363469057500646e+00,1.005123857063477677e-01
-6.556820524283073492e-01,-1.468852445893725767e+00,1.507538714208277175e-01
-7.987016536189239790e-01,-1.385678422349986727e+00,1.996621179316047934e-01
-9.323312052988981247e-01,-1.280701114536370477e+00,2.468558475373850702e-01
-1.054444524882595546e+00,-1.155363087229435815e+00,2.917074348346017088e-01
-1.163084333998801290e+00,-1.011653517765166876e+00,3.334502854677435790e-01
-1.256518365476876342e+00,-8.520346405474122919e-01,3.713665688179855762e-01
-1.333284724433212221e+00,-6.793356857190905318e-01,4.049372264741987193e-01
-1.392222933004233498e+00,-4.966198357832160570e-01,4.338755631603089524e-01
-1.432489254722845162e+00,-3.070337081578068950e-01,4.580437812689507338e-01
-1.453556461553979107e+00,-1.136557062604472285e-01,4.773170515301882189e-01
-1.455199271579121545e+00,8.063628876253388367e-02,4.914842417881811754e-01
-1.437467762351500200e+00,2.732608642743359906e-01,5.002538179512708849e-01
-1.400652340454751732e+00,4.619850517292734549e-01,5.033733075068153040e-01
-1.345245014285270324e+00,6.449333732456067336e-01,5.007933431401835334e-01
-1.271902348027528662e+00,8.205579995013553285e-01,4.927588475575487292e-01
-1.181415326190218495e+00,9.875728031751264124e-01,4.797342628916209106e-01
-1.074690354445638762e+00,1.144854033506697233e+00,4.621666983728215383e-01
-9.527437840286980819e-01,1.291315545517790708e+00,4.402069335390547122e-01
-8.167098542400827998e-01,1.425776374083800979e+00,4.135702284410766039e-01
-6.678592520035302460e-01,1.546847974027933281e+00,3.816777849499243258e-01
-5.076232908070796856e-01,1.652870831551779274e+00,3.440765373281448047e-01
-3.376177218501228428e-01,1.741920490880603412e+00,3.009496496349254313e-01
-1.596607225552315601e-01,1.811882822257551817e+00,2.534117299227841569e-01
2.421868777251900973e-02,1.860577467318989209e+00,2.033395548680612952e-01
2.117835522850184393e-01,1.885900070526070893e+00,1.527382515016658393e-01
4.006035812991763922e-01,1.885963721148013361e+00,1.029523913740585106e-01
5.880816536318393961e-01,1.859238865197591961e+00,5.418378260443720840e-02
7.714932545614405779e-01,1.804701078608432985e+00,5.635301560642819174e-03
9.480407470871925479e-01,1.721986701660686014e+00,-4.377131855974628061e-02
1.114923701753011365e+00,1.611533895785159265e+00,-9.452135646873319197e-02
1.269423333819462929e+00,1.474670025003826046e+00,-1.460102215061499786e-01
1.408994212496843534e+00,1.313610567271318308e+00,-1.967313810393182261e-01
1.531352413826187586e+00,1.131358901782760773e+00,-2.450135529296285919e-01
1.634548841965956623e+00,9.315247320569922662e-01,-2.898019079632599970e-01
1.717019976870815867e+00,7.180956696226682423e-01,-3.309607863057034693e-01
1.777613542625337439e+00,4.951975259841530641e-01,-3.689370942953377197e-01
1.815590611833804324e+00,2.668707970860209611e-01,-4.040696467727801222e-01
1.830607327997860079e+00,3.688119365961724239e-02,-4.360163007825735848e-01
1.822679628050594580e+00,-1.914263541943574398e-01,-4.636294101385561861e-01
1.792134457511397994e+00,-4.152274307960192590e-01,-4.853267650752047802e-01
1.739551673498103357e+00,-6.322718081015371583e-01,-4.997632256916776372e-01
1.665702110487567555e+00,-8.408888997823070754e-01,-5.064753455781644265e-01
1.571488760670784135e+00,-1.039937466196203752e+00,-5.061680957808408765e-01
1.457899004442835711e+00,-1.228689979677634492e+00,-5.004529053665055516e-01
1.325975440685293494e+00,-1.406648832383012193e+00,-4.910946945039401657e-01
1.176810523651943718e+00,-1.573307979409673374e+00,-4.790832272915298562e-01
1.011566048041366628e+00,-1.727895783058648549e+00,-4.639932958929949836e-01
8.315134561759943699e-01,-1.869154945816613678e+00,-4.440491216915180006e-01
6.380864823006273667e-01,-1.995221318071599415e+00,-4.170223049505185076e-01
4.329354303300150253e-01,-2.103642293652868034e+00,-3.816285037575301020e-01
2.179732470960449309e-01,-2.191526875908884620e+00,-3.386668450804651842e-01
-4.593207808176957840e-03,-2.255766995698857968e+00,-2.911022233060168718e-01
-2.322495595771807420e-01,-2.293252229250633434e+00,-2.428142705988608763e-01
-4.621783940127188739e-01,-2.301038615682638344e+00,-1.966018678128282071e-01
-6.912819686347015935e-01,-2.276502323515204651e+00,-1.526555245462521138e-01
-9.162252470514469227e-01,-2.217552105822761632e+00,-1.085754103900928025e-01
-1.133504266570029673e+00,-2.122945429976104137e+00,-6.109635941722504904e-02
-1.339546142379002491e+00,-1.992662784541114229e+00,-8.523013373325089015e-03
-1.530843276135779751e+00,-1.828209225997726728e+00,4.774312034866565191e-02
-1.704113441578225752e+00,-1.632701799213253091e+00,1.037587213284990317e-01
-1.856462143188735370e+00,-1.410679682060369311e+00,1.554467434626428390e-01
-1.985513941004729555e+00,-1.167686287357265096e+00,2.011565324200386973e-01
-2.089486166465746919e+00,-9.097461114228925227e-01,2.424269465401874546e-01
-2.167200193407540887e+00,-6.428616447492726538e-01,2.824518897687607888e-01
-2.218046190052691102e+00,-3.726079806662971339e-01,3.235969524051921509e-01
-2.241922784007940095e+00,-1.038487193858214502e-01,3.657662298480727214e-01
-2.239164952988455859e+00,1.594323291094939532e-01,4.063686308838424521e-01
-2.210463872038275213e+00,4.141953422816707087e-01,4.414807006277595702e-01
-2.156779618271880139e+00,6.583218502497077962e-01,4.674415615803394486e-01
-2.079250478109391231e+00,8.905330973361101909e-01,4.822704390205768687e-01
-1.979106325389300425e+00,1.110275819618610660e+00,4.864677418603901016e-01
-1.857595436851406712e+00,1.317580868755619639e+00,4.828959080358811162e-01
-1.715933880296873548e+00,1.512876304218321755e+00,4.756978856391310684e-01
-1.555284529566993479e+00,1.696731495629259845e+00,4.685869966850287893e-01
-1.376769092335058398e+00,1.869529685584461864e+00,4.631558364460300892e-01
-1.181511677508474856e+00,2.031106774355295741e+00,4.579586596893062689e-01
-9.707071177007151608e-01,2.180438182865612973e+00,4.489558163976948846e-01
-7.457030360410901171e-01,2.315477034778858467e+00,4.314166899372747777e-01
-5.080836062985529811e-01,2.433213971219617022e+00,4.025832799792706806e-01
-2.597456964832647319e-01,2.529935210336622831e+00,3.636446117824893021e-01
-2.962007846247560749e-03,2.601552417457728250e+00,3.195432691994132268e-01
2.595726202495776125e-01,2.643854515495509094e+00,2.762532677831853745e-01
5.247171013424425379e-01,2.652633072657859081e+00,2.369143651680268581e-01
7.888903969266480853e-01,2.623798733161807561e+00,1.993297879033864850e-01
1.048118768942551737e+00,2.553698935888821353e+00,1.568562676868684169e-01
1.298134453412439049e+00,2.439758986057507073e+00,1.027042260555635911e-01
1.534531660835041444e+00,2.281327580062869842e+00,3.525053052302848378e-02
1.752976818063375575e+00,2.080385853343997837e+00,-3.926205078509528712e-02
1.949457461804563474e+00,1.841755731262290530e+00,-1.091745819456849953e-01
2.120536773484976045e+00,1.572645610530899907e+00,-1.642152323542137859e-01
2.263561913153910865e+00,1.281665454693777795e+00,-2.020718382341374630e-01
2.376772136484899711e+00,9.776632978494123050e-01,-2.294262802561891912e-01
2.459283071584200897e+00,6.687687711226163456e-01,-2.566266071982897801e-01
2.510972030513291209e+00,3.618519592592386869e-01,-2.907968268129873524e-01
2.532319982143538262e+00,6.234630124656510841e-02,-3.325299372140025911e-01
2.524259225060217382e+00,-2.257421315222993274e-01,-3.769955330998630005e-01
2.488045481933473191e+00,-4.997541964144966431e-01,-4.170927374029861356e-01
2.425147825573358507e+00,-7.582422546453121415e-01,-4.464512784171904558e-01
2.337145223060715260e+00,-1.000780377401325305e+00,-4.615003407509706834e-01
2.225628428644129464e+00,-1.227749758881002018e+00,-4.625012633886501634e-01
2.092116341530964263e+00,-1.440126089040715707e+00,-4.534214931438828033e-01
1.937999220201126471e+00,-1.639258962088972149e+00,-4.405855406458175638e-01
1.764518019988362774e+00,-1.826605809039540285e+00,-4.303999627859741439e-01
1.574544208199482931e+00,-1.971754546353819970e+00,3.512386281556242884e-02
1.370911219933244940e+00,-2.095322897005942764e+00,1.144291322092197694e-01
1.155800628984062994e+00,-2.200558680434165026e+00,1.485244957669803190e-01
9.310600410128404558e-01,-2.288034326355035120e+00,1.898353968166074102e-01
6.985280081115876616e-01,-2.356781852075146233e+00,2.374565958931097176e-01
4.601846437547314483e-01,-2.404911367302920766e+00,2.855958206969643198e-01
2.182229275993086137e-01,-2.429981024115028809e+00,3.304441520768034435e-01
-2.491952713427925126e-02,-2.429293215227051661e+00,3.700149293246920434e-01
-2.665539077829894854e-01,-2.400212831866255669e+00,4.036111362365727429e-01
-5.037578283198838047e-01,-2.340531153059975722e+00,4.314753918276207356e-01
-7.334225358772139547e-01,-2.248837561723162182e+00,4.543521177224673080e-01
-9.523352077299727103e-01,-2.124830922801907107e+00,4.729148384247235937e-01
-1.157296309214430829e+00,-1.969514067365537580e+00,4.872633798624502743e-01
-1.345262818103479807e+00,-1.785253289739740845e+00,4.967552341969064811e-01
-1.513498654986196401e+00,-1.575715442688116363e+00,5.002943760509833693e-01
-1.659708338323304000e+00,-1.345690831538997267e+00,4.969499321382454537e-01
-1.782132620036843251e+00,-1.100784048878941102e+00,4.865604638416795025e-01
-1.879594947983796560e+00,-8.469621050169618970e-01,4.699404792155900124e-01
-1.951499006695084804e+00,-5.900211220888690322e-01,4.485183799069528687e-01
-1.997785213220321987e+00,-3.351120902729666784e-01,4.236044830147233098e-01
-2.018858097057538714e+00,-8.645893840790301599e-02,3.957510420295545783e-01
-2.015498488920851372e+00,1.526987214233715417e-01,3.646082437322445413e-01
-1.988773588110821722e+00,3.800094511280905363e-01,3.293414626288847513e-01
-1.939954017870116454e+00,5.938610879776148321e-01,2.893137867657981088e-01
-1.870442427409485520e+00,7.932413278209383689e-01,2.446098669567600969e-01
-1.781715609586989268e+00,9.776173403011635399e-01,1.961352183900356427e-01
-1.675281475636092532e+00,1.146816070860422476e+00,1.453082036777953723e-01
-1.552652004113458384e+00,1.300888328219109935e+00,9.356660353719345458e-02
-1.415332433192851846e+00,1.439955633875329211e+00,4.194903724504225884e-02
-1.264825573450466090e+00,1.564054228427076643e+00,-9.078397473477967106e-03
-1.102648693148505332e+00,1.672998490285691586e+00,-5.951565250262294549e-02
-9.303592932200086540e-01,1.766285380994304210e+00,-1.095263428188932020e-01
-7.495853432570378505e-01,1.843054333992277360e+00,-1.590926375930453995e-01
-5.620552898071824455e-01,1.902106770610049624e+00,-2.077871948245305911e-01
-3.696234876987543050e-01,1.941980526006176211e+00,-2.547638077181818561e-01
-1.742875218645154600e-01,1.961070013340522555e+00,-2.989626101913361866e-01
2.180530922568446606e-02,1.957782314071447649e+00,-3.394173188133172703e-01
2.163648010509302555e-01,1.930718488200227290e+00,-3.755012474070112960e-01
4.069805670767914219e-01,1.878864890674765808e+00,-4.069903804485265342e-01
5.911630391771061088e-01,1.801772690709982916e+00,-4.339313843593327613e-01
7.664033029941250685e-01,1.699700760640339814e+00,-4.564101398120651298e-01
9.302487498837359592e-01,1.573701631180231209e+00,-4.743589704724203715e-01
1.080387383372395593e+00,1.425639883670761554e+00,-4.875034388276048292e-01
1.214730967413765628e+00,1.258140376984840492e+00,-4.954632120205825219e-01
1.331487427165785498e+00,1.074466852762631097e+00,-4.979325784805964661e-01
1.429215551509416926e+00,8.783353256506084561e-01,-4.948173275969810492e-01
1.506858299601422591e+00,6.736796942969379698e-01,-4.862287717372036910e-01
1.563753562611818193e+00,4.644068498624632224e-01,-4.723352610160286291e-01
1.599623291824430193e+00,2.541884542015642734e-01,-4.531890157594996582e-01
1.614544188264432467e+00,4.632217240991194640e-02,-4.286840509368491370e-01
1.608905326859251694e+00,-1.563362162207903583e-01,-3.987100927187202659e-01
1.583359048771728617e+00,-3.513926168046738741e-01,-3.634113561494035638e-01
1.538770831699582953e+00,-5.369099416946597758e-01,-3.233669151828496569e-01
1.476172459350377553e+00,-7.113862481921381375e-01,-2.795570860949939673e-01
1.396721610879315234e+00,-8.737082724643415732e-01,-2.331244950889558576e-01
1.301670171540211252e+00,-1.023072083138741428e+00,-1.850650752244124286e-01
1.192342759833712851e+00,-1.158873550201520830e+00,-1.360115366733910813e-01
1.070125886829901507e+00,-1.280584313124369489e+00,-8.620436153796365297e-02
9.364668747290065820e-01,-1.387635925786087521e+00,-3.564302652428100182e-02
7.928804359072521013e-01,-1.479333587822418972e+00,1.566967469414745628e-02
6.409599119161208947e-01,-1.554813447864523690e+00,6.750706293525862711e-02
4.823897472280558318e-01,-1.613047776370713615e+00,1.193162034695046392e-01
3.189558514119157362e-01,-1.652894125510030898e+00,1.702680011335314381e-01
1.525509655589483149e-01,-1.673180038890459409e+00,2.194227064907917357e-01
-1.482726200147843620e-02,-1.672813435660062575e+00,2.659236989350216573e-01
-1.810873275384927705e-01,-1.650908033583199819e+00,3.091278268816165520e-01
-3.440655972053805467e-01,-1.606911165235509253e+00,3.486228185420782166e-01
-5.015598278631128171e-01,-1.540718777538117701e+00,3.841463523856586404e-01
-6.513745821826113502e-01,-1.452762094997846143e+00,4.154701105975203701e-01
-7.913767759019181280e-01,-1.344054345518348237e+00,4.423195518656751757e-01
-9.195572326040648559e-01,-1.216192770268554435e+00,4.643672663312469195e-01
-1.034092154079112591e+00,-1.071317057598850875e+00,4.812894869958722621e-01
-1.133397817641619065e+00,-9.120278474075665942e-01,4.928413812643225311e-01
-1.216172957385655673e+00,-7.412698247671213325e-01,4.989023802480215819e-01
-1.281425635270183827e+00,-5.621874764431195048e-01,4.994642924485032109e-01
-1.328483927302436252e+00,-3.779690270713855216e-01,4.945695612044102019e-01
-1.356991672479065381e+00,-1.917003916186016954e-01,4.842407147647901366e-01
-1.366891706757481062e+00,-6.249372254901228163e-03,4.684571234301085907e-01
-1.358399642293821374e+00,1.758100001796128464e-01,4.472139057925045291e-01
-1.331971562434673517e+00,3.522351507273045468e-01,4.206424797130335902e-01
-1.288269098826059222e+00,5.211226680375310449e-01,3.891178821626607442e-01
-1.228125287899295204e+00,6.808920415594793552e-01,3.532702415193494927e-01
-1.152514325855766630e+00,8.302467563884902146e-01,3.138707252464411068e-01
-1.062527730176044516e+00,9.681127829258090456e-01,2.716416264682618431e-01
-9.593584092432430044e-01,1.093558524659463904e+00,2.270911941876246620e-01
-8.442928602004473593e-01,1.205707019514761447e+00,1.804639999882863000e-01
-7.187104214851258721e-01,1.303656358238532098e+00,1.318359168011181415e-01
-5.840874655188270648e-01,1.386424832120528139e+00,8.130618450752077897e-02
-4.420037918268528987e-01,1.452932710257153426e+00,2.918812399650758116e-02
-2.941483092311616421e-01,1.502024661891347757e+00,-2.389962851831942126e-02
-1.423213056173240343e-01,1.532528916358153692e+00,-7.708727154967323636e-02
1.156896397937434706e-02,1.543344043597973725e+00,-1.294213057194798788e-01
1.655171763046390243e-01,1.533542367339986390e+00,-1.800526013548068571e-01
3.174407388521329754e-01,1.502478938579388190e+00,-2.283455361434728881e-01
4.652094710496401664e-01,1.449894786334086971e+00,-2.738607636481119600e-01
6.066853746758347210e-01,1.376002541452324257e+00,-3.162425855494613858e-01
7.397713299973716072e-01,1.281542931231369087e+00,-3.550970682535466993e-01
8.624657279304939195e-01,1.167803367852892071e+00,-3.899454693391791738e-01
9.729183885839427504e-01,1.036594444728302866e+00,-4.202827887905559168e-01
1.069482380959492884e+00,8.901849523133317232e-01,-4.456997604303093441e-01
1.150756886350258412e+00,7.312002487089407365e-01,-4.659836706613066371e-01
1.215617713451296211e+00,5.624933841285740810e-01,-4.811255635084396021e-01
1.263233817491444810e+00,3.870038714964534887e-01,-4.912210766741839096e-01
1.293069758135884095e+00,2.076231887165727596e-01,-4.963227568756326535e-01
1.304875400421464215e+00,2.708498001183896886e-02,-4.963389609273863856e-01
1.298665360858499707e+00,-1.521097974187350377e-01,-4.910520716368625971e-01
1.274691596053095566e+00,-3.277327556445063794e-01,-4.802561009677833725e-01
1.233412934138655936e+00,-4.978392712895766681e-01,-4.639344510695241341e-01
1.175465247524711154e+00,-6.607568204864532335e-01,-4.423652446986966469e-01
1.101635505537299498e+00,-8.150520690242509803e-01,-4.160794671124793398e-01
1.012842226995940731e+00,-9.594760211473279954e-01,-3.856845914437673217e-01
9.101238527294075453e-01,-1.092889454031422014e+00,-3.516494694288115896e-01
7.946352653617967388e-01,-1.214177885557943037e+00,-3.141751094229877639e-01
6.676512475911414723e-01,-1.322172270086756862e+00,-2.732338114948095198e-01
5.305743997457914585e-01,-1.415594170255590756e+00,-2.287680223805967084e-01
3.849442674967817890e-01,-1.493040180901531011e+00,-1.809476834895253072e-01
2.324443565148761603e-01,-1.553011092967822693e+00,-1.303422107577364708e-01
7.490427981394653933e-02,-1.593980833394347707e+00,-7.790086157426859281e-02
-8.570480861649643067e-02,-1.614493357991991340e+00,-2.474015481454930332e-02
-2.472825322010987481e-01,-1.613274462365896555e+00,2.814897188074891310e-02
-4.076200432324423861e-01,-1.589347753466829660e+00,8.011080152887015138e-02
-5.644299890715578361e-01,-1.542145634157128464e+00,1.308371158723627692e-01
-7.153865732071607031e-01,-1.471605099918010362e+00,1.801885750906418726e-01
-8.581759669046726824e-01,-1.378236485605786266e+00,2.279459355553637712e-01
-9.905555447385914203e-01,-1.263154665915399599e+00,2.736462832183929050e-01
-1.110417865305372898e+00,-1.128067559601646730e+00,3.165949543149605416e-01
-1.215853198715675321e+00,-9.752230166961394220e-01,3.560276534660243852e-01
-1.305203950318954975e+00,-8.073184827243783390e-01,3.913088808018113651e-01
-1.377105808752713267e+00,-6.273783503878204160e-01,4.220460795391954845e-01
-1.430512910729607734e+00,-4.386058373624168172e-01,4.480656303998057366e-01
-1.464706490226883817e+00,-2.442224350692542845e-01,4.692831365158792734e-01
-1.479287854274301539e+00,-4.731513962858906186e-02,4.855566308593876057e-01
-1.474157500389912778e+00,1.492871328850123303e-01,4.966182860129561005e-01
-1.449483290937046087e+00,3.430940487497745051e-01,5.021382452497914484e-01
-1.405661835078105826e+00,5.319884659249004555e-01,5.018953192417779929e-01
-1.343278198545913904e+00,7.142192660493352774e-01,4.959496575916045868e-01
-1.263069400065702341e+00,8.883566708064537520e-01,4.846872262614664306e-01
-1.165896697716403141e+00,1.053211929413201409e+00,4.686674204481658945e-01
-1.052730367275281909e+00,1.207724582452809114e+00,4.483272880983645292e-01
-9.246485721123864909e-01,1.350828117890651603e+00,4.237064201091652604e-01
-7.828492813509868586e-01,1.481316001930861992e+00,3.943841279723042659e-01
-6.286715674268361642e-01,1.597738403511434369e+00,3.597338410302083345e-01
-4.636207541585293246e-01,1.698358541917756925e+00,3.194239247129669890e-01
-2.893914085062301300e-01,1.781183236002845005e+00,2.739123735318099717e-01
-1.078831661954982035e-01,1.844059539895421151e+00,2.246146033521253249e-01
7.879371914869248705e-02,1.884810762413457796e+00,1.735571789772575035e-01
2.683243646195363485e-01,1.901382987811101932e+00,1.226307503586160086e-01
4.582070912754943048e-01,1.891988204183902011e+00,7.284147552930861358e-02
6.457836812804103044e-01,1.855248434526074908e+00,2.401717845919013050e-02
8.282836645044489021e-01,1.790349311049888703e+00,-2.482163981833021560e-02
1.002884694874001559e+00,1.697195990900453699e+00,-7.462333926868072731e-02
1.166789423463418185e+00,1.576541527401836396e+00,-1.255014948177378964e-01
1.317315088804497991e+00,1.430047427426240025e+00,-1.764633404715577891e-01
1.451986960189262987e+00,1.260248284235986338e+00,-2.258362738292209182e-01
1.568623783937566074e+00,1.070419694192320526e+00,-2.720985121327120781e-01
1.665404578551725745e+00,8.643739051635960235e-01,-3.145468101742611156e-01
1.740910773937068168e+00,6.462189818455125190e-01,-3.533655731957000556e-01
1.794142869337713941e+00,4.201155738334188539e-01,-3.891026495596437984e-01
1.824514035858088912e+00,1.900577983879346289e-01,-4.219489997257684921e-01
1.831824176538562110e+00,-4.030435568640215738e-02,-4.512858895203254450e-01
1.816218126328917215e+00,-2.677933919790584372e-01,-4.757436257682360337e-01
1.778132001230244619e+00,-4.897837541877924639e-01,-4.937234885833962084e-01
1.718232505683468192e+00,-7.042348876980871752e-01,-5.041181552824741674e-01
1.637355184495058014e+00,-9.096757169741228610e-01,-5.068741619471498483e-01
1.536448821367868423e+00,-1.105131815544917240e+00,-5.030940415958485845e-01
1.416533728317583618e+00,-1.289986177850055649e+00,-4.945714614366042428e-01
1.278680676520685955e+00,-1.463774733062187083e+00,-4.829220899302032466e-01
1.124014267631426200e+00,-1.625937130112252271e+00,-4.687011783600399939e-01
9.537400220798657458e-01,-1.775566106931517618e+00,-4.509784867419642795e-01
7.691895105989849935e-01,-1.911215485303597861e+00,-4.277040306415546000e-01
5.718740828808351884e-01,-2.030824496971008308e+00,-3.968367824395616639e-01
3.635365968671466774e-01,-2.131784750456681365e+00,-3.577339586886810752e-01
1.461923644860438909e-01,-2.211122887771120205e+00,-3.119828364681868083e-01
-7.784588688912097432e-02,-2.265727933212892786e+00,-2.630119189098368837e-01
-3.059608248428233868e-01,-2.292553737627411437e+00,-2.145013708596553992e-01
-5.352411588571384105e-01,-2.288780008312315317e+00,-1.684467616192907580e-01
-7.625107941790700838e-01,-2.251980942128328778e+00,-1.241114034271194877e-01
-9.843797124678801413e-01,-2.180370303875889704e+00,-7.866696740470505156e-02
-1.197322499445606647e+00,-2.073138577341225641e+00,-2.926307868454106065e-02
-1.397790158081784861e+00,-1.930804573686012882e+00,2.475209263863117903e-02
-1.582354394484498217e+00,-1.755442946025361772e+00,8.099663950728594464e-02
-1.747870425062974187e+00,-1.550672644549021095e+00,1.353248758262946827e-01
-1.891630141315420177e+00,-1.321385678098048411e+00,1.844167599980675865e-01
-2.011473413768024798e+00,-1.073294227019166991e+00,2.277866106105460309e-01
-2.105838516220104317e+00,-8.124183212821681765e-01,2.676921507805712919e-01
-2.173755411769079160e+00,-5.446182054276588191e-01,3.071519355078277114e-01
-2.214800978895135941e+00,-2.752278276634802512e-01,3.477001795910393822e-01
-2.229034723035359988e+00,-8.805421951818256932e-03,3.883383256544260531e-01
-2.216924055800433280e+00,2.510014106519927179e-01,4.259648882034480222e-01
-2.179261346030793689e+00,5.014871255873279976e-01,4.567124241557775077e-01
-2.117074852169668731e+00,7.408395673028563833e-01,4.774955359543139322e-01
-2.031539051725509637e+00,9.680432027383626403e-01,4.872333001378831296e-01
-1.923892739235689264e+00,1.182755336670309410e+00,4.873363230543031888e-01
-1.795374175275698869e+00,1.385150599957842621e+00,4.812252552500336789e-01
-1.647181613652395571e+00,1.575710565633158700e+00,4.729763836190795656e-01
-1.480464885613414383e+00,1.754940696825078694e+00,4.655655498249967605e-01
-1.296349605891310874e+00,1.923026445744525637e+00,4.594225712899014935e-01
-1.095990469114850763e+00,2.079483748614386229e+00,4.520096886825041294e-01
-8.806450375069980741e-01,2.222897145155329213e+00,4.388486548126050435e-01
-6.517562456109715630e-01,2.350841702485393370e+00,4.158036267275474485e-01
-4.110323534709154902e-01,2.460027258392458727e+00,3.816047663728551198e-01
-1.605166705322844667e-01,2.546599262623458149e+00,3.390660963510708781e-01
9.735728088533401881e-02,2.606450641280484426e+00,2.938660143026358140e-01
3.597290748115875569e-01,2.635423807123766338e+00,2.512091839064706233e-01
6.232991867402548625e-01,2.629417178347984496e+00,2.122956799899576585e-01
8.843501904791126744e-01,2.584559167991374196e+00,1.730495784668829307e-01
1.138812196934211540e+00,2.497639329046121404e+00,1.264194609214709109e-01
1.382382064091789209e+00,2.366831556042425788e+00,6.728708219838960836e-02
1.610699448638231557e+00,2.192497639784654950e+00,-3.016840291327899104e-03
1.819571807000181618e+00,1.977708924253020362e+00,-7.593592054009082326e-02
2.005225732946151140e+00,1.728195308824742815e+00,-1.399885955285117556e-01
2.164543799470068031e+00,1.451678850692074141e+00,-1.878223429384508203e-01
2.295233285564702630e+00,1.156816472331003487e+00,-2.208439893178325841e-01
2.395884150946671731e+00,8.521208252120561211e-01,-2.475722998093818072e-01
2.465912527385418329e+00,5.451769229401451922e-01,-2.773026507360657478e-01
2.505428231772315772e+00,2.422561357122939296e-01,-3.144888132625044408e-01
2.515080117517908498e+00,-5.178299813492708015e-02,-3.573455882488804081e-01
2.495915794458689163e+00,-3.334624582168148055e-01,-3.999515315095339973e-01
2.449263129019447760e+00,-6.005896260643784901e-01,-4.353924140091268713e-01
2.376624137033676476e+00,-8.521038796995538123e-01,-4.583739004657420013e-01
2.279573918283267275e+00,-1.087878872866556046e+00,-4.668761761968670543e-01
2.159667962979915146e+00,-1.308512077013120001e+00,-4.627356391217435361e-01
2.018368755507112589e+00,-1.515113086802177600e+00,-4.510146623735354909e-01
1.857003141090647791e+00,-1.709066991577630867e+00,-4.382297657169235139e-01
1.676757515049519753e+00,-1.891736511313972580e+00,-4.299192231080343207e-01
1.478711882090385510e+00,-2.064089479079482814e+00,-4.283647314363935310e-01
1.263908188052357051e+00,-2.226288847815909300e+00,-4.313865762820700001e-01
1.033443680393576258e+00,-2.377340956969778318e+00,-4.329505542078183611e-01
7.885771007868570548e-01,-2.514928590987414836e+00,-4.257459922876424274e-01
5.308355177505128530e-01,-2.635514905132161800e+00,-4.048751891947875992e-01
2.621125221046722853e-01,-2.734684108375836864e+00,-3.707485662938739823e-01
-1.524844851822360070e-02,-2.807553534389657379e+00,-3.291201943818765630e-01
-2.983916501108405672e-01,-2.849064730023875391e+00,-2.875714883801495647e-01
-5.839159063897412238e-01,-2.854098495691527404e+00,-2.501389944483111138e-01
-8.678820562313276366e-01,-2.817586110517416031e+00,-2.135902547778175953e-01
-1.145872297163583520e+00,-2.734918060355305158e+00,-1.685003068814882321e-01
-1.413108693608845057e+00,-2.602816634395692219e+00,-1.054675041226335319e-01
-1.664634374318595400e+00,-2.420480237276722235e+00,-2.302987114932367185e-02
-1.895563412510965273e+00,-2.190501983646786499e+00,6.835955801457313519e-02
-2.101401024828202679e+00,-1.919081013293270965e+00,1.504826873041718860e-01
-2.277553712109846806e+00,-1.595295661407961640e+00,4.643671517639899049e-01
-2.420140314642925006e+00,-1.251898305749096219e+00,4.745555537396722867e-01
-2.527918975507996713e+00,-9.030595101511399436e-01,4.511531466357848741e-01
-2.601024836926945305e+00,-5.604678467141664955e-01,4.259985576343535696e-01
-2.640554499033245683e+00,-2.325821793463715426e-01,3.998063010068148015e-01
-2.648246243972260494e+00,7.545648377784337779e-02,3.724989992044055453e-01
-2.626208293453028197e+00,3.612569709422446818e-01,3.436275114524630636e-01
-2.576707602061492075e+00,6.243211880721001306e-01,3.113915393521534680e-01
-2.502023515833893264e+00,8.652441269475960040e-01,2.734414708817735074e-01
-2.404354565183303372e+00,1.085144513265484667e+00,2.283709877492679785e-01
-2.285764194045563968e+00,1.285337736755101323e+00,1.766503371882731377e-01
-2.148156562757677968e+00,1.467170159080880998e+00,1.204829730327741932e-01
-1.993277758768126739e+00,1.631917201294781128e+00,6.283899655766841952e-02
-1.822738481924808918e+00,1.780679614266966970e+00,6.293076612261611080e-03
-1.638053380039281359e+00,1.914257758390122133e+00,-4.776684622891483323e-02
-1.440691586421520620e+00,2.033018902343608936e+00,-9.928531778036134292e-02
-1.232133048760365890e+00,2.136788500365917276e+00,-1.490779563812029418e-01
-1.013925487695823913e+00,2.224793516199726540e+00,-1.980306738084795237e-01
-7.877371795068481841e-01,2.295670536315806753e+00,-2.463425605369141957e-01
-5.554017212914612589e-01,2.347535023988905234e+00,-2.931736542417314739e-01
-3.189526687209769396e-01,2.378102287295141615e+00,-3.368754345384462612e-01
-8.064733986226779727e-02,2.384858090362333982e+00,-3.756797504647312325e-01
1.570216168855200767e-01,2.365285757932117150e+00,-4.084578371294621535e-01
3.913315929775527113e-01,2.317150811766833129e+00,-4.351181708204682197e-01
6.193607538895882225e-01,2.238820240678252915e+00,-4.564344711802049703e-01
8.380527286092183115e-01,2.129567534045785138e+00,-4.734333468166439518e-01
1.044317761155749258e+00,1.989808016029520621e+00,-4.867061960276092281e-01
1.235162065572275703e+00,1.821226954962902544e+00,-4.960242593625895369e-01
1.407827383977398039e+00,1.626787599001495499e+00,-5.004598349600054563e-01
1.559919783257514680e+00,1.410614444747247509e+00,-4.989484637708702097e-01
1.689511346643648437e+00,1.177739181920708367e+00,-4.909658238183399748e-01
1.795205708337335615e+00,9.337063004317104342e-01,-4.768756106836110620e-01
1.876163163624859909e+00,6.840897000466358291e-01,-4.576858082062901234e-01
1.932083988485588488e+00,4.340378372629166148e-01,-4.343864602416235288e-01
1.963154053042545311e+00,1.879687585087291279e-01,-4.073764965630505275e-01
1.969964835667409986e+00,-5.054299067689009550e-02,-3.763930502696811731e-01
1.953424538812297717e+00,-2.787394506702513541e-01,-3.409334773967077625e-01
1.914674201301812317e+00,-4.945962969961003597e-01,-3.008081998487429631e-01
1.855015679093016345e+00,-6.967344177530848670e-01,-2.564450455923125149e-01
1.775852941342589197e+00,-8.843287346991443032e-01,-2.088124769291158922e-01
1.678646570905176549e+00,-1.056996094738524627e+00,-1.590894989248755886e-01
1.564881955292036553e+00,-1.214652747077645367e+00,-1.083091582065424385e-01
1.436051978391493344e+00,-1.357350633051296329e+00,-5.714596865211266086e-02
1.293654158340592719e+00,-1.485114144338817832e+00,-5.905391205051874204e-03
1.139200598018683008e+00,-1.597800880650130262e+00,4.532007668359736008e-02
9.742376183733716388e-01,-1.695004208910287469e+00,9.641869129281385731e-02
8.003709880296960844e-01,-1.776006405344054295e+00,1.470586659667344198e-01
6.192923563505952078e-01,-1.839782666950036338e+00,1.966050973315514871e-01
4.328027975152741735e-01,-1.885051337578239172e+00,2.441866808248061849e-01
2.428300954064048778e-01,-1.910365211014059428e+00,2.888763410568654377e-01
5.143715720091024401e-02,-1.914240163019361285e+00,3.298979945449741491e-01
-1.391806783165578931e-01,-1.895315878831267620e+00,3.667622610970892039e-01
-3.267117353365935895e-01,-1.852536420983650567e+00,3.992736627488849832e-01
-5.087598004090334580e-01,-1.785328692727223165e+00,4.274194128837461859e-01
-6.828930588865176343e-01,-1.693751474214272301e+00,4.512071748533043047e-01
-8.467092987651076985e-01,-1.578591850546594566e+00,4.705358515388934348e-01
-9.979129970237863301e-01,-1.441397756236473038e+00,4.851556875883414888e-01
-1.134396333380305544e+00,-1.284447062423636376e+00,4.947232425809556799e-01
-1.254314227581459606e+00,-1.110658103866619451e+00,4.989121733067730657e-01
-1.356144340297039230e+00,-9.234453775452317048e-01,4.975194321303985090e-01
-1.438726295262104715e+00,-7.265269971712876584e-01,4.905106944221228060e-01
-1.501278499678649014e+00,-5.237037117528374752e-01,4.779783974250858547e-01
-1.543394196992190048e+00,-3.186451715170496857e-01,4.600389858588539438e-01
-1.565020248266608016e+00,-1.147212974973099014e-01,4.367488511658547123e-01
-1.566422967707836955e+00,8.510126441630368188e-02,4.081232477608648379e-01
-1.548145561152284744e+00,2.783029441782892133e-01,3.742741726420558690e-01
-1.510961576582636079e+00,4.628146891750189451e-01,3.355843178471599186e-01
-1.455828489864792852e+00,6.369968723899076535e-01,2.927884261169805269e-01
-1.383845223347013986e+00,7.995975578261996786e-01,2.468851078777970220e-01
-1.296216878233942937e+00,9.496866583661550676e-01,1.989120655810506511e-01
-1.194229032548428160e+00,1.086565023179317135e+00,1.497023303361640634e-01
-1.079232626011284113e+00,1.209656224668048230e+00,9.974541071354789401e-02
-9.526389851421595001e-01,1.318397050344795707e+00,4.921436788863328693e-02
-8.159232382914665127e-01,1.412145877244450398e+00,-1.865545862618805950e-03
-6.706334120735386595e-01,1.490125276245838348e+00,-5.339412991772465866e-02
-5.184019532804231556e-01,1.551408105707613450e+00,-1.050240589281347392e-01
-3.609562945309485738e-01,1.594948024991697411e+00,-1.561134779394894034e-01
-2.001253336553825424e-01,1.619648654536182120e+00,-2.058149060129298713e-01
-3.783918877849967721e-02,1.624461860701269300e+00,-2.532463266626666654e-01
1.238798678731864999e-01,1.608504098851047948e+00,-2.976545673733009822e-01
2.829368885595504590e-01,1.571178647494685832e+00,-3.384945169435492618e-01
4.371950980519134777e-01,1.512290123783610829e+00,-3.754018578087637836e-01
5.845179805479510105e-01,1.432136981085116778e+00,-4.080983693868996953e-01
7.228207790152081369e-01,1.331569472701506163e+00,-4.363007735386218444e-01
8.501276025335218200e-01,1.212005046216992232e+00,-4.596905623076629199e-01
9.646288298745961942e-01,1.075398520950203496e+00,-4.779560619562143176e-01
1.064733159715415045e+00,9.241688248878839884e-01,-4.908693998928878033e-01
1.149109603483950526e+00,7.610878325243016773e-01,-4.983386492214033625e-01
1.216716408507380276e+00,5.891419050345890751e-01,-5.003919182443868907e-01
1.266815642131794428e+00,4.113832298146958277e-01,-4.970970317370709823e-01
1.298973643005442158e+00,2.307921358339369289e-01,-4.884704542161425467e-01
1.313048819391401834e+00,5.016843102084840578e-02,-4.744476767967330533e-01
1.309169392596325032e+00,-1.279404646475372220e-01,-4.549544467035860906e-01
1.287704467262323682e+00,-3.012778912545661103e-01,-4.300491860874205985e-01
1.249232072067151478e+00,-4.678909181065160072e-01,-4.000489364465710240e-01
1.194507594257360417e+00,-6.261232144869525174e-01,-3.655496494326487822e-01
1.124435512602580900e+00,-7.745878166751111182e-01,-3.273123351258792058e-01
1.040046625759332377e+00,-9.121181020489067537e-01,-2.860689938372874552e-01
9.424820770079929133e-01,-1.037699309963732164e+00,-2.423515829233810204e-01
8.329844132804129497e-01,-1.150390019187838009e+00,-1.964346019981821068e-01
7.128948173650513365e-01,-1.249248592238872968e+00,-1.484192579146653979e-01
5.836547183929965410e-01,-1.333280540208980236e+00,-9.841274019334381173e-02
4.468093935743873146e-01,-1.401418581825579546e+00,-4.670910407897568839e-02
3.040110051495952259e-01,-1.452539833172794781e+00,6.119244857653111103e-03
1.570187290714495365e-01,-1.485517161026544075e+00,5.926124780251282309e-02
7.694068871208381566e-03,-1.499296722384441560e+00,1.118102747831767052e-01
-1.420101047866058064e-01,-1.492991596301347146e+00,1.629308122085671717e-01
-2.900679383934201550e-01,-1.465980891845912071e+00,2.119635233958046816e-01
-4.344073232760685688e-01,-1.418003341627107838e+00,2.584262148803259107e-01
-5.729454516697611854e-01,-1.349234167066212686e+00,3.019315995903636418e-01
-7.036327189532542992e-01,-1.260335227307443740e+00,3.420874287230429855e-01
-8.245029330419473279e-01,-1.152471951167769015e+00,3.784453165733862035e-01
-9.337260603104751144e-01,-1.027295230248327806e+00,4.105256152905479849e-01
-1.029658569317792205e+00,-8.868901303742796616e-01,4.378954453156705950e-01
-1.110886422240699334e+00,-7.336950120060664604e-01,4.602470129554728784e-01
-1.176256927316548628e+00,-5.703960146999805803e-01,4.774278165197597401e-01
-1.224897458203482836e+00,-3.998051565150097519e-01,4.894053693001819694e-01
-1.256220808190989802e+00,-2.247352348520783027e-01,4.961876226193265849e-01
-1.269918334608304500e+00,-4.788765914749874841e-02,4.977477969062488183e-01
-1.265943059629159650e+00,1.282331982262972514e-01,4.940043245859965237e-01
-1.244485613447634309e+00,3.013728756008562937e-01,4.848766146772288677e-01
-1.205946345443781320e+00,4.695480970950727806e-01,4.703869873130298584e-01
-1.150907059843970126e+00,6.310409323961535533e-01,4.507400837651073244e-01
-1.080105637264957119e+00,7.843694463517517645e-01,4.263153144349683954e-01
-9.944162530956479618e-01,9.282369023179456446e-01,3.975597170864259011e-01
-8.948369601992995914e-01,1.061462869760124716e+00,3.648367449120496486e-01
-7.824851081670030073e-01,1.182904293582098587e+00,3.283257184712294885e-01
-6.585996222787546817e-01,1.291380255741021221e+00,2.880487054322199425e-01
-5.245478865331627549e-01,1.385617128056330971e+00,2.440322536142599252e-01
-3.818341873171930967e-01,1.464228445515516119e+00,1.965270780301818510e-01
-2.321065463761777803e-01,1.525736212771383604e+00,1.461589249509661348e-01
-7.715923419006487372e-02,1.568630675625174886e+00,9.390566400410702008e-02
8.107097905299887053e-02,1.591458442498952630e+00,4.088831672631951242e-02
2.405160862405641975e-01,1.592927018889840118e+00,-1.192193389368081946e-02
3.989965321846111745e-01,1.572016036219600066e+00,-6.391666803998066748e-02
5.542502332368905993e-01,1.528087557828561094e+00,-1.148575377979145495e-01
7.039717517153467607e-01,1.460986791778315697e+00,-1.646741449265728685e-01
8.458616989661014163e-01,1.371121343679339466e+00,-2.131774980654600748e-01
9.776847113997597649e-01,1.259505707684174913e+00,-2.598662934647705258e-01
1.097332050346613297e+00,1.127760804404475570e+00,-3.039440600937935999e-01
1.202883071936488690e+00,9.780650473381607979e-01,-3.445314756313823112e-01
1.292659465312855804e+00,8.130603509236510318e-01,-3.809357677628223415e-01
1.365267370123354196e+00,6.357217771605724321e-01,-4.128077061974383399e-01
1.419624462489302630e+00,4.492040164954678727e-01,-4.400947177287949375e-01
1.454970937990783808e+00,2.566824176501397159e-01,-4.628306406106200699e-01
1.470864748273627232e+00,6.120856295606620645e-02,-4.809026671311872336e-01
1.467162734985242967e+00,-1.344030429619513245e-01,-4.939474115241085928e-01
1.443990637390502929e+00,-3.276493548546605683e-01,-5.014496723720088811e-01
1.401706141988491083e+00,-5.163749520681549798e-01,-5.029942283426552807e-01
1.340859907474706292e+00,-6.987734309138354805e-01,-4.985209264371138760e-01
1.262159725037356628e+00,-8.733545421221454719e-01,-4.884165576158966404e-01
1.166442634345678631e+00,-1.038874675381757706e+00,-4.733603809345555691e-01
1.054658789022422827e+00,-1.194231139426770172e+00,-4.539818433642298645e-01
9.278690234634354717e-01,-1.338330400365627115e+00,-4.305116146400226329e-01
7.872555379476262605e-01,-1.469953008221931201e+00,-4.026408345952009471e-01
6.341424051608727241e-01,-1.587646650970555351e+00,-3.697189638721499749e-01
4.700204972971508965e-01,-1.689677256237724245e+00,-3.312421145461900140e-01
2.965706604903737276e-01,-1.774053764490752139e+00,-2.873919612899814569e-01
1.156797678169321220e-01,-1.838619882852780885e+00,-2.392984086642445940e-01
-7.055377393750106307e-02,-1.881187662794164384e+00,-1.888081701773006993e-01
-2.598263464323291583e-01,-1.899684738759262581e+00,-1.378225085688217499e-01
-4.496472128727215800e-01,-1.892300363371056671e+00,-8.755650834669839733e-02
-6.373683657778961287e-01,-1.857632134775855315e+00,-3.816235375657331397e-02
-8.202272896771602984e-01,-1.794839139609768930e+00,1.103999980076761367e-02
-9.954048568798017360e-01,-1.703793192733233264e+00,6.085811764149692826e-02
-1.160099714838910279e+00,-1.585199835614220953e+00,1.114895103402016863e-01
-1.311616681289329955e+00,-1.440653346822824199e+00,1.622166004895387592e-01
-1.447460925711037349e+00,-1.272603698640184300e+00,2.117073820867812761e-01
-1.565425416624141919e+00,-1.084238726096753647e+00,2.586761653043748721e-01
-1.663659598026741238e+00,-8.793036485090103271e-01,3.024197256050155103e-01
-1.740712668532824248e+00,-6.618833684437605003e-01,3.428745015655277895e-01
-1.795551440500126050e+00,-4.361678053579824410e-01,3.802212634546816572e-01
-1.827556321029986330e+00,-2.062191635856704397e-01,4.143638843032090291e-01
-1.836498704389552872e+00,2.423554620328778608e-02,4.446240295548972155e-01
-1.822501732420270359e+00,2.519623578342072290e-01,4.698100497406397791e-01
-1.785986771050552813e+00,4.743134004610903287e-01,4.886210407074526030e-01
-1.727610317278867713e+00,6.892542540012785990e-01,5.002070541292010786e-01
-1.648198719863677164e+00,8.953326050025419702e-01,5.046195840916521957e-01
-1.548689543695337401e+00,1.091592416746786531e+00,5.028890153481836434e-01
-1.430088131343799640e+00,1.277431699230952011e+00,4.966068212539579418e-01
-1.293445998006298447e+00,1.452403370466484267e+00,4.871362481860285198e-01
-1.139864342542098230e+00,1.615972667591830669e+00,4.748074086923094184e-01
-9.705215323353855172e-01,1.767267560642678204e+00,4.585464702101899048e-01
-7.867187296440552036e-01,1.904879811346960272e+00,4.362675888658057444e-01
-5.899342573698354020e-01,2.026777727451920974e+00,4.060086417916320967e-01
-3.818763169213819086e-01,2.130363664019396364e+00,3.673167393678892223e-01
-1.645256296638486493e-01,2.212654126091075923e+00,3.220537828733566199e-01
5.983691933284762676e-02,2.270509679167174610e+00,2.739331367316520938e-01
2.886196210834690579e-01,2.300837608569900716e+00,2.268069276588640937e-01
5.189271595587447994e-01,2.300744785873671816e+00,1.826089157643798477e-01
7.475874890250382432e-01,2.267692619509858787e+00,1.402631059338127206e-01
9.712023707156383079e-01,2.199735546159647726e+00,9.640493139268788148e-02
1.186227300097644877e+00,2.095873184590958616e+00,4.764815189971369214e-02
1.389084963661758598e+00,1.956442582037139166e+00,-6.941008981930313348e-03
1.576309451998840538e+00,1.783397377025222275e+00,-6.480620274679896320e-02
1.744707276648979066e+00,1.580329619560712606e+00,-1.211616100406633090e-01
1.891510495048424279e+00,1.352187769241277371e+00,-1.718660587199966339e-01
2.014493699965279827e+00,1.104769388073964853e+00,-2.159116397588053682e-01
2.112034714143327996e+00,8.441452335565439169e-01,-2.556702006084964340e-01
2.183115681692275878e+00,5.761654131778771726e-01,-2.948178716135788635e-01
2.227277532843519037e+00,3.061239099471516067e-01,-3.356554946034374654e-01
2.244548099660365725e+00,3.857115706664145105e-02,-3.776450332286965805e-01
2.235360908826374615e+00,-2.227783765412196249e-01,-4.176880429554447050e-01
2.200472873835978227e+00,-4.750854267742711801e-01,-4.515410612345763797e-01
2.140881880786012381e+00,-7.163843478527632813e-01,-4.755217556335696871e-01
2.057743896013427332e+00,-9.455372378678160716e-01,-4.878957195308802897e-01
1.952292974198518882e+00,-1.162137932062840884e+00,-4.895496830494440177e-01
1.825772418542452202e+00,-1.366358267752288080e+00,-4.837168550679510348e-01
1.679387605300696862e+00,-1.558726522912676993e+00,-4.747723053918565528e-01
1.514289307085566083e+00,-1.739833289939972660e+00,-4.664596607772369952e-01
1.331591601034826988e+00,-1.909980226201990705e+00,-4.602039079087464346e-01
1.132422276428355579e+00,-2.068821243955436096e+00,-4.542713140041928499e-01
9.179976346409881582e-01,-2.215081114150138752e+00,-4.443573169703302073e-01
6.897093856471486761e-01,-2.346446246450097917e+00,-4.256396417513644836e-01
4.492106084152309720e-01,-2.459677907121200491e+00,-3.954950913913580779e-01
1.984905180569707106e-01,-2.550902494248811436e+00,-3.553682229403040127e-01
-6.006823355587243007e-02,-2.615944890740490969e+00,-3.103711667809864183e-01
-3.236535346379334488e-01,-2.650569899067524382e+00,-2.663960010977436399e-01
-5.890128186375946928e-01,-2.650610052558475260e+00,-2.262511010243716536e-01
-8.524724475429150683e-01,-2.612113379700709004e+00,-1.873737235304108462e-01
-1.109994753088909158e+00,-2.531708377706840096e+00,-1.430664842471617570e-01
-1.357280969428912742e+00,-2.407266843391196787e+00,-8.704952854427464026e-02
-1.589927801341357361e+00,-2.238703800257688670e+00,-1.865775214767953494e-02
-1.803641574111898960e+00,-2.028571006272107624e+00,5.505556722409718495e-02
-1.994498791460159959e+00,-1.782131961041790058e+00,1.225681256065581370e-01
-2.159210085017694958e+00,-1.506832789113938142e+00,1.749698165215914647e-01
-2.295316617889149313e+00,-1.211342335239775858e+00,2.116955422301981249e-01
-2.401262076318450234e+00,-9.044791632501639755e-01,2.401495083835765987e-01
-2.476340425351964747e+00,-5.943234268336486936e-01,2.698140237838754230e-01
-2.520569555871563061e+00,-2.876601201293970678e-01,3.061331047620922119e-01
-2.534545095201123921e+00,1.026778609564067690e-02,3.483434281659850695e-01
-2.519301102095634626e+00,2.957808077503452648e-01,3.911062329901636714e-01
-2.476180619268970595e+00,5.666214025484189731e-01,4.275700157563261383e-01
-2.406713692194539789e+00,8.217079665866594551e-01,4.521430595221670456e-01
-2.312505168806657352e+00,1.060866125958312756e+00,4.623971754258161537e-01
-2.195138887268495154e+00,1.284603717425816916e+00,4.598630771786201832e-01
-2.056105967003635016e+00,1.493932622911149144e+00,4.494910396896995008e-01
-1.896763830828332553e+00,1.690183654578012229e+00,4.378432458286408702e-01
-1.718330041775836259e+00,1.874750636133926340e+00,4.305722180095113982e-01
-1.523687039795257769e+00,2.017621033279282550e+00,-3.911808201026648057e-02
-1.315573006076016904e+00,2.138910335187038214e+00,-1.195576768326677419e-01
-1.096219048998414936e+00,2.241636158250574162e+00,-1.549818260060550623e-01
-8.675294625908083201e-01,2.326162221541992370e+00,-1.974605886587685044e-01
-6.314055318770714909e-01,2.391294480009278356e+00,-2.459419781107118619e-01
-3.898964913615203809e-01,2.434926599790779633e+00,-2.944701951824068020e-01
-1.452721280145972127e-01,2.454455615834508109e+00,-3.389632599516235745e-01
9.994378726255415124e-02,2.447113980192503035e+00,-3.773026456292579711e-01
3.429663900424324563e-01,2.410301651009472579e+00,-4.090128058257650467e-01
5.807708514969578406e-01,2.341944200664238807e+00,-4.348459060790218489e-01
8.101501560846020578e-01,2.240849684069390335e+00,-4.560461452063161447e-01
1.027814978483313491e+00,2.107007100442062963e+00,-4.734753794440155206e-01
1.230530065671530116e+00,1.941775164983153834e+00,-4.870175878615842224e-01
1.415268895035867169e+00,1.747937870313384101e+00,-4.955849731831075689e-01
1.579362298517984264e+00,1.529621458729559569e+00,-4.977437333251063523e-01
1.720620394460557145e+00,1.292060404641736104e+00,-4.926186238718816002e-01
1.837415835216124504e+00,1.041196374355320975e+00,-4.805021351307853239e-01
1.928722666596333957e+00,7.831416185873026903e-01,-4.627161588897062972e-01
1.994107823114858569e+00,5.236265321586212051e-01,-4.407989982954819697e-01
2.033677286974726162e+00,2.675905724966314847e-01,-4.156227269420657011e-01
2.047988789426863132e+00,1.900426611969037449e-02,-3.870706013207875218e-01
2.037950846913622271e+00,-2.191136363217369154e-01,-3.544151173950115252e-01
2.004726533794372934e+00,-4.445868371037208777e-01,-3.170249586390500030e-01
1.949651676589336136e+00,-6.559603023171637348e-01,-2.748993130370936955e-01
1.874169063100056487e+00,-8.523878548273114975e-01,-2.287671373478989134e-01
1.779777376694665847e+00,-1.033511940044546273e+00,-1.798140262215258967e-01
1.667994465536702942e+00,-1.199318872998964780e+00,-1.292713290919184355e-01
1.540335751388359320e+00,-1.349971149535360349e+00,-7.808628945062881521e-02
1.398308242370488674e+00,-1.485634268221943666e+00,-2.678770716434289434e-02
1.243419030915737800e+00,-1.606321155648475107e+00,2.444173739737717788e-02
1.077195388662206321e+00,-1.711774307527443861e+00,7.554991945746789006e-02
9.012123244213301465e-01,-1.801397977182914056e+00,1.263636389531822279e-01
7.171229390890443423e-01,-1.874243688567936994e+00,1.764141955938808015e-01
5.266870567912083079e-01,-1.929045526587667370e+00,2.249161769937753907e-01
3.317943073585352121e-01,-1.964299603199759270e+00,2.709052750633514917e-01
1.344787451292763780e-01,-1.978383961878292796e+00,3.134664913855357282e-01
-6.307730647488374309e-02,-1.969716157231401477e+00,3.519414149675225145e-01
-2.585525103142354286e-01,-1.936940759037053761e+00,3.860167920835192445e-01
-4.495115240786111688e-01,-1.879128171564829808e+00,4.156608833568949946e-01
-6.334481703679692988e-01,-1.795956145156044181e+00,4.409528763828828302e-01
-8.078474531521637747e-01,-1.687844434297309570e+00,4.618996836659005067e-01
-9.702636628610077363e-01,-1.556023402842905634e+00,4.783302880782497324e-01
-1.118407492632704114e+00,-1.402532178140156072e+00,4.899094316685176365e-01
-1.250231688649138251e+00,-1.230150875834281843e+00,4.962507289303158542e-01
-1.364004142776866546e+00,-1.042270935855070357e+00,4.970641497577429346e-01
-1.458360059691089505e+00,-8.427063414108869610e-01,4.922581961093993597e-01
-1.532329492117283865e+00,-6.354587150900795622e-01,4.819368433082712455e-01
-1.585340887664334675e+00,-4.244701285260161217e-01,4.662878051598039475e-01
-1.617204049663892862e+00,-2.134106180563525856e-01,4.454357018963531756e-01
-1.628077224676939716e+00,-5.536039397114375649e-03,4.193782295295943596e-01
-1.618423458634874246e+00,1.963783285956795521e-01,3.880808346704424094e-01
-1.588961221814668479e+00,3.900486688567673110e-01,3.516883161011702397e-01
-1.540613846235032058e+00,5.736625943222949386e-01,3.107106814898753511e-01
-1.474461849623860177e+00,7.458400181921404082e-01,2.660437247789769755e-01
-1.391701770479230271e+00,9.055730516312133771e-01,2.187917741053081178e-01
-1.293614430303111407e+00,1.052139959366083621e+00,1.699855744522505707e-01
-1.181544371298870688e+00,1.184995511069318885e+00,1.203446227789254086e-01
-1.056890725727781311e+00,1.303650535249611719e+00,7.019782738532395761e-02
-9.211082860134693906e-01,1.407560289406605269e+00,1.958768611290193085e-02
-7.757163316626571881e-01,1.496041516991392539e+00,-3.150415876847492691e-02
-6.223119557771246146e-01,1.568232440501241109e+00,-8.292082809240244878e-02
-4.625842648965468040e-01,1.623101176866501349e+00,-1.341907632608158318e-01
-2.983259039923391587e-01,1.659499571346198410e+00,-1.845416023139147266e-01
-1.314387965595107399e-01,1.676253801622446415e+00,-2.330490091580169898e-01
3.606841983710817878e-02,1.672280683921901767e+00,-2.788378105698053888e-01
2.020932480193853298e-01,1.646717689170074328e+00,-3.212332519984634205e-01
3.644639676860574884e-01,1.599053356690735006e+00,-3.597967632084123624e-01
5.209767698619367504e-01,1.529243131613053697e+00,-3.942509393552217078e-01
6.694446630950210420e-01,1.437795630124614865e+00,-4.243591263073308584e-01
8.077553214915884627e-01,1.325817548606032181e+00,-4.498409403984516830e-01
9.339329057399319289e-01,1.195011025303207353e+00,-4.703714988855810519e-01
1.046197662634027914e+00,1.047622670088237617e+00,-4.856538330611278598e-01
1.143017384888147081e+00,8.863474419041227348e-01,-4.955066441716492465e-01
1.223146354149373893e+00,7.141948199729170055e-01,-4.999000429331711404e-01
1.285649378946162269e+00,5.343315005768881631e-01,-4.989064001346835697e-01
1.329910310998711598e+00,3.499223298577670005e-01,-4.925939919148031310e-01
1.355625882623706868e+00,1.639932152376635810e-01,-4.809403412698546321e-01
1.362787022884097254e+00,-2.066790504230213432e-02,-4.638417009281542436e-01
1.351650915792090402e+00,-2.015696750523067737e-01,-4.412354238950843000e-01
1.322707673967633779e+00,-3.765436509114101216e-01,-4.132691633463113634e-01
1.276645496829968085e+00,-5.437475367344523081e-01,-3.804060059180091047e-01
1.214317745197472709e+00,-7.016484666196057818e-01,-3.433853023029459495e-01
1.136714719515224292e+00,-8.489840069265605083e-01,-3.030463569385634104e-01
1.044942129714523382e+00,-9.846993469292258938e-01,-2.601061284846696298e-01
9.402072476837968207e-01,-1.107865860788765255e+00,-2.150089190035135156e-01
8.238125797186361954e-01,-1.217594217135975265e+00,-1.679245249640689830e-01
6.971557604929556895e-01,-1.312959651797062977e+00,-1.188915162190130881e-01
5.617334734316505873e-01,-1.392955646764004962e+00,-6.802925467333867382e-02
4.191467098703296479e-01,-1.456485877280098373e+00,-1.571122014819539836e-02
2.711046416975289031e-01,-1.502395815062846696e+00,3.738407762563408787e-02
1.194247163573900483e-01,-1.529538169347471888e+00,9.036302607779841956e-02
-3.397291035961313987e-02,-1.536862364743465159e+00,1.422933849566117848e-01
-1.870780415141417574e-01,-1.523517095431613955e+00,1.923723084007303574e-01
-3.378113657627153099e-01,-1.488954796284552851e+00,2.400045424633344415e-01
-4.840545448141531093e-01,-1.433026422313594006e+00,2.847676143727991827e-01
-6.236897585690430734e-01,-1.356054919115276869e+00,3.263068278564230651e-01
-7.546477445787658223e-01,-1.258877796474491939e+00,3.642367506370857155e-01
-8.749615431025106194e-01,-1.142853593747320540e+00,3.981103592785711909e-01
-9.828213814611961308e-01,-1.009831894533556929e+00,4.274670747523100500e-01
-1.076625234583260537e+00,-8.620896161797145796e-01,4.519210997832300292e-01
-1.155020066852895377e+00,-7.022375004836868273e-01,4.712311561882910338e-01
-1.216930366778762762e+00,-5.331025875461908869e-01,4.853086924301618366e-01
-1.261572598374437471e+00,-3.575969913839111558e-01,4.941598322028636359e-01
-1.288455950533873073e+00,-1.785887068585784720e-01,4.977958197018023112e-01
-1.297371044353109903e+00,1.208282774243077395e-03,4.961688923757588965e-01
-1.288369149426372262e+00,1.793123777517189876e-01,4.891813053364256758e-01
-1.261735064948618978e+00,3.535178871295306391e-01,4.767724323460623692e-01
-1.217957146365244769e+00,5.219072744447678103e-01,4.590333585364260172e-01
-1.157697984937876123e+00,6.828371879564442137e-01,4.362687544910767157e-01
-1.081768958035564276e+00,8.349011914097398401e-01,4.089497579462556542e-01
-9.911112122469269980e-01,9.768708295705791356e-01,3.775693437913031358e-01
-8.867845788672392704e-01,1.107619255475693398e+00,3.424799621496629198e-01
-7.699645320729697762e-01,1.226037471616130636e+00,3.038164093823024769e-01
-6.419458349618631932e-01,1.330958902445051661e+00,2.615672537824264010e-01
-5.041503222312073706e-01,1.421109728122224025e+00,2.157748335256169658e-01
-3.581356303457179369e-01,1.495098185768819254e+00,1.667617724440216553e-01
-2.056017103398202206e-01,1.551447026999677403e+00,1.152503568250889676e-01
-4.839251135338540344e-02,1.588663526058799347e+00,6.228764641763259724e-02
1.115090148550772486e-01,1.605335417911174511e+00,8.997442944322781022e-03
2.719938311024370226e-01,1.600240684235879618e+00,-4.371124236171933242e-02
4.308486549599803705e-01,1.572461758622394568e+00,-9.531339429477295178e-02
5.857877168964675807e-01,1.521496162741522218e+00,-1.456167183967959355e-01
7.344951631131533265e-01,1.447353783002018224e+00,-1.945251529130242185e-01
8.746777292854350794e-01,1.350628088645668745e+00,-2.417665677142234737e-01
1.004125263264971091e+00,1.232528509161575192e+00,-2.867547453651307920e-01
1.120774349880624632e+00,1.094865607361951154e+00,-3.286690657496730283e-01
1.222768837105142836e+00,9.399876042719926827e-01,-3.666963692496959526e-01
1.308511256528390732e+00,7.706731641570011559e-01,-4.002778335385502873e-01
1.376700746095357086e+00,5.899903841147987604e-01,-4.292052264740721101e-01
1.426355163376657353e+00,4.011369792106174725e-01,-4.535119859906987516e-01
1.456816849125655011e+00,2.072814080495566924e-01,-4.732358823485195432e-01
1.467742902134811622e+00,1.142555201616153593e-02,-4.882086546294078788e-01
1.459082154289353950e+00,-1.836964412992402873e-01,-4.980109204318284855e-01
1.431042335315182212e+00,-3.756788645611274791e-01,-5.021311065413459618e-01
1.384051921137208208e+00,-5.624681341153349168e-01,-5.002411488469508116e-01
1.318721652901453822e+00,-7.423534172855160707e-01,-4.924212499858643399e-01
1.235810687269402575e+00,-9.139239201935859258e-01,-4.791821721641059684e-01
1.136201786041756812e+00,-1.075990297901210591e+00,-4.612432807661664969e-01
1.020888734545636112e+00,-1.227472317115914757e+00,-4.391687188383858187e-01
8.909771949217237808e-01,-1.367265902357758245e+00,-4.130627664276264044e-01
7.476976600194049638e-01,-1.494114796885165797e+00,-3.825213108291168895e-01
5.924266611035653440e-01,-1.606518371455638361e+00,-3.469191158542105358e-01
4.267106697803271231e-01,-1.702702169636735485e+00,-3.059254686187858896e-01
2.522868130801569908e-01,-1.780660993674582082e+00,-2.599764828002310013e-01
7.109564680982383145e-02,-1.838262574669373040e+00,-2.104023858406850744e-01
-1.147167709575247496e-01,-1.873385319988036146e+00,-1.590710625414903101e-01
-3.028083550541944557e-01,-1.884065189622388781e+00,-1.076981595127978475e-01
-4.906619369040969847e-01,-1.868641259615351879e+00,-5.720785410704568030e-02
-6.756180141257595029e-01,-1.825902729609476305e+00,-7.531637140293728772e-03
-8.549208703300912315e-01,-1.755238819043063225e+00,4.202311751410089946e-02
-1.025780203679600655e+00,-1.656777466570174662e+00,9.206131533077663298e-02
-1.185448664507121608e+00,-1.531483160176485336e+00,1.424938690508195938e-01
-1.331311191480145206e+00,-1.381183888911399871e+00,1.924140610589500644e-01
-1.460976582525379763e+00,-1.208514410489771373e+00,2.405037563871939843e-01
-1.572358824179750370e+00,-1.016785064140702355e+00,2.856533436067064669e-01
-1.663737776916439204e+00,-8.097973056597976838e-01,3.273530361605975214e-01
-1.733794711974004032e+00,-5.916265805234638409e-01,3.656193251921803222e-01
-1.781623840036801854e+00,-3.663903125037057396e-01,4.005721617026932746e-01
-1.806723198540965081e+00,-1.380220814866108259e-01,4.319848007390544309e-01
-1.808967587326473003e+00,8.992160421101920431e-02,4.590838682387737846e-01
-1.788565546018482388e+00,3.143984325797378188e-01,4.807020281921506877e-01
-1.746003537446034537e+00,5.329510455235445532e-01,4.957155517810986067e-01
-1.681982992451359182e+00,7.437150318038482366e-01,5.035694861009670786e-01
-1.597358038157382198e+00,9.453717872952952517e-01,5.046201759447609403e-01
-1.493082510383026973e+00,1.137048459252529176e+00,5.000652986305408332e-01
-1.370174022676571512e+00,1.318162384574124379e+00,4.914118233276906222e-01
-1.229700535267848283e+00,1.488212745358247657e+00,4.796818861934849521e-01
-1.072791236973987816e+00,1.646539417491830859e+00,4.647468812353235945e-01
-9.006690884374359829e-01,1.792091918746761214e+00,4.452033090325738796e-01
-7.146980564074578712e-01,1.923267498621436422e+00,4.190088722131929400e-01
-5.164353373922374590e-01,2.037871331255386664e+00,3.847069416933192043e-01
-3.076788880180993946e-01,2.133214889951433602e+00,3.426316630329634405e-01
-9.050314471031417618e-02,2.206313707715733319e+00,2.952991981482629980e-01
1.327207651080353212e-01,2.254108904192066998e+00,2.465217665034867556e-01
3.593216221942159283e-01,2.273651687546567324e+00,1.995631696237659403e-01
5.863423607344964150e-01,2.262252031548466213e+00,1.553903409484115039e-01
8.105742091965708607e-01,2.217653163878849476e+00,1.121839838500723052e-01
1.028615294274120684e+00,2.138296441706049933e+00,6.657639970512616023e-02
1.236959202448909556e+00,2.023672806852703232e+00,1.598230696901734027e-02
1.432115702195307261e+00,1.874662943799543902e+00,-3.941437569765429694e-02
1.610757290017939658e+00,1.693720683745919109e+00,-9.638723179083288906e-02
1.769874009588690233e+00,1.484793909933058265e+00,-1.504483768743380134e-01
1.906910870602923636e+00,1.252981302685821197e+00,-1.985663320446963420e-01
2.019863130201845269e+00,1.004026159849500166e+00,-2.408727410623480447e-01
2.107316061934310980e+00,7.437928822079874491e-01,-2.801095680077675398e-01
2.168431932367396620e+00,4.778428996330957301e-01,-3.193728239631755672e-01
2.202898992647174481e+00,2.111540198938771096e-01,-3.599075648366724112e-01
2.210860288423466713e+00,-5.203843782128296513e-02,-4.002863576925089761e-01
2.192835180497114678e+00,-3.083225535369431003e-01,-4.370739312251902264e-01
2.149638969210591277e+00,-5.551412300403449906e-01,-4.663081479789258355e-01
2.082301413826763259e+00,-7.907808871055427291e-01,-4.850691890578434640e-01
1.991985514841484450e+00,-1.014313783074987763e+00,-4.926095494005028330e-01
1.879911963026369426e+00,-1.225486830951926231e+00,-4.906883871139530173e-01
1.747298470469256237e+00,-1.424546926401163427e+00,-4.829517774794399587e-01
1.595323965708088210e+00,-1.611993916957827233e+00,-4.735052234266393656e-01
1.425124784457705518e+00,-1.788264440101656527e+00,-4.651611792185309513e-01
1.237824641851142493e+00,-1.953376013189815241e+00,-4.580680728337159779e-01
1.034593930471921830e+00,-2.106595943270199278e+00,-4.494239306365318543e-01
8.167283812577045277e-01,-2.246226227700151235e+00,-4.346586060405687180e-01
5.857341472685473338e-01,-2.369584901725541926e+00,-4.097995511149906678e-01
3.434071257009740918e-01,-2.473197618263180075e+00,-3.739152716509767105e-01
9.189793255092282287e-02,-2.553115407914607893e+00,-3.301067719913720611e-01
-1.662423251182338912e-01,-2.605216956963033681e+00,-2.840645484517000385e-01
-4.280386025788602833e-01,-2.625399856580281188e+00,-2.406811293717698030e-01
-6.900944553121239888e-01,-2.609701555870721279e+00,-2.007153600396069104e-01
-9.486261938592412957e-01,-2.554515382829498193e+00,-1.598846618662125574e-01
-1.199536360505988108e+00,-2.457059287644314693e+00,-1.114839568813482951e-01
-1.438535036859496463e+00,-2.316083032994592728e+00,-5.129541560889552820e-02
-1.661315813646897732e+00,-2.132575844041587843e+00,1.837042341112291033e-02
-1.863784982858247341e+00,-1.910141003028625883e+00,8.870152844179809981e-02
-2.042320287470576368e+00,-1.654821719143738656e+00,1.492560294206935756e-01
-2.194004085466937148e+00,-1.374406420707521059e+00,1.946270166200133322e-01
-2.316764745625953026e+00,-1.077447358234229435e+00,2.276969599080399254e-01
-2.409394105745765735e+00,-7.722941025186874642e-01,2.568204376778123743e-01
-2.471464726180194305e+00,-4.663670590919847814e-01,2.896927135423464916e-01
-2.503199802393986317e+00,-1.657403322184746730e-01,3.289453351052838981e-01
-2.505336431071078174e+00,1.250150776988350754e-01,3.717270029822498101e-01
-2.478996184028047445e+00,4.027960776322261904e-01,4.119948435889096983e-01
-2.425562458793772969e+00,6.657930818578171595e-01,4.434106754554062446e-01
-2.346564478559766798e+00,9.132435486406772496e-01,4.617074104095121312e-01
-2.243572664642485393e+00,1.145191369219902944e+00,4.661351324905734783e-01
-2.118112805302934554e+00,1.362291716188053448e+00,4.597155536244724727e-01
-1.971606553559200004e+00,1.565637489737864874e+00,4.481610793226832312e-01
-1.805344156955957624e+00,1.756547088742765217e+00,4.377297452251082133e-01
-1.620492352006630776e+00,1.936264530137089102e+00,4.327341985926506096e-01
-1.418136513165177748e+00,2.105570500279265289e+00,4.336347558085930087e-01
-1.199351903707766676e+00,2.264367200448908157e+00,4.365743166596826041e-01
-9.652948922201443072e-01,2.411356566005357749e+00,4.348499496355725524e-01
-7.173029749777362074e-01,2.543941527881090181e+00,4.220644156515928058e-01
-4.569941717354562005e-01,2.658405367006620779e+00,3.956245051238010957e-01
-1.863604044830797779e-01,2.750281323742163053e+00,3.584858536223433090e-01
9.214901003514808231e-02,2.814713898150959182e+00,3.175493566415451552e-01
3.755612050885825948e-01,2.846650948749521071e+00,2.790938651753992472e-01
6.603442876641911763e-01,2.840903219301372573e+00,2.438967761472195794e-01
9.424198908849710232e-01,2.792327620499420071e+00,2.055292661853361513e-01
1.217240358299368941e+00,2.696428712455526622e+00,1.538087190969673335e-01
1.479939722716943740e+00,2.550427452463555511e+00,8.210152323832783927e-02
1.725555963833234285e+00,2.354456969287886281e+00,-6.001075109080350467e-03
1.949313065013092094e+00,2.112323355188715723e+00,-9.583906429974323182e-02
2.145716884636550859e+00,1.810492283658833079e+00,-4.464321583619198508e-01
2.310468073197642802e+00,1.481311562193558862e+00,-4.782898232337987610e-01
2.441408438124942570e+00,1.138535195583061599e+00,-4.664516842845972677e-01
2.537854627026254306e+00,7.944647468852447103e-01,-4.471356064584784962e-01
2.600252497155883358e+00,4.590260567899180910e-01,-4.238332339468132703e-01
2.629876824340977581e+00,1.392656480455921053e-01,-3.974697142670226002e-01
2.628539468876740059e+00,-1.605266611529342913e-01,-3.681060618612416180e-01
2.598346883450799005e+00,-4.383062124438092400e-01,-3.350565916829612023e-01
2.541525929197132605e+00,-6.936512555976382943e-01,-2.974468591922817540e-01
2.460304119145056312e+00,-9.271843712720430064e-01,-2.547342638577890783e-01
2.356826034482857324e+00,-1.140103286650030023e+00,-2.070960187594198809e-01
2.233098879907819523e+00,-1.333838844753730379e+00,-1.555640743535394999e-01
2.090967580669339299e+00,-1.509821578018558208e+00,-1.017752113612903353e-01
1.932119184742460583e+00,-1.669318613729250389e+00,-4.742890921811696026e-02
1.758112281555442635e+00,-1.813306786634502510e+00,6.251645097615859958e-03
1.570424108677983099e+00,-1.942366708769899697e+00,5.877193356507856570e-02
1.370507336336524773e+00,-2.056600347883643209e+00,1.102305100032790752e-01
1.159849450910216628e+00,-2.155581230248111879e+00,1.609003665975262398e-01
9.400290836497462443e-01,-2.238341799548431155e+00,2.107549754431755351e-01
7.127651293839605273e-01,-2.303395485948744437e+00,2.591746338561929930e-01
4.799561814463830789e-01,-2.348792252112778201e+00,3.049769013908186777e-01
2.437093546341364547e-01,-2.372218226990669088e+00,3.467586395605434246e-01
6.357907172397814222e-03,-2.371161571198333817e+00,3.833789612595052132e-01
-2.295346021287898441e-01,-2.343161162759930249e+00,4.143354242584632585e-01
-4.611888553338354679e-01,-2.286126123857677328e+00,4.398394993213895487e-01
-6.856502889395275080e-01,-2.198677224844150402e+00,4.605523491803350522e-01
-8.998616521282454261e-01,-2.080441428993960784e+00,4.771139476103866128e-01
-1.100768365798464599e+00,-1.932243368515466964e+00,4.897049719518474786e-01
-1.285449040573866109e+00,-1.756172856864760101e+00,4.978726498403130973e-01
-1.451254719239698732e+00,-1.555537194563440417e+00,5.007263308895727461e-01
-1.595935196843594861e+00,-1.334707211732288679e+00,4.974170863070622728e-01
-1.717732683681808092e+00,-1.098845848019861515e+00,4.876458832254354503e-01
-1.815431704942961355e+00,-8.535115539990575373e-01,4.718928737998834277e-01
-1.888364398347007311e+00,-6.041846311083941545e-01,4.511956323875619956e-01
-1.936377558587558001e+00,-3.558319528302737456e-01,4.265892830784520084e-01
-1.959771566350493766e+00,-1.126273702672674765e-01,3.985668810338961476e-01
-1.959223133285704188e+00,1.221336573999332736e-01,3.669183388514011268e-01
-1.935703358891915693e+00,3.459770831578888317e-01,3.310440512598188390e-01
-1.890399697004557789e+00,5.571355300055403914e-01,2.905173941797539738e-01
-1.824646832972822041e+00,7.544323834545333396e-01,2.455311132379545958e-01
-1.739869203469392334e+00,9.371759514681236025e-01,1.969824513478880268e-01
-1.637537102935225031e+00,1.105049014725601131e+00,1.462010543500252557e-01
-1.519137848947917258e+00,1.257979650924075044e+00,9.451351075056887985e-02
-1.386162499261066161e+00,1.395993688654242559e+00,4.287762480047771496e-02
-1.240107194453305306e+00,1.519063445722091954e+00,-8.261846391041022253e-03
-1.082486783736616553e+00,1.626974491853289573e+00,-5.886868414352366963e-02
-9.148572676043957852e-01,1.719231181613300796e+00,-1.090412727719726471e-01
-7.388428514259326452e-01,1.795014728419739525e+00,-1.587077038551473473e-01
-5.561631279043626197e-01,1.853198050976315736e+00,-2.074297614305936899e-01
-3.686561825902157086e-01,1.892413386846391488e+00,-2.544007736121091101e-01
-1.782941390988372898e-01,1.911164300490174162e+00,-2.986290264005947437e-01
1.281158436298857062e-02,1.907972564936879278e+00,-3.392066119681863556e-01
2.024176838589466509e-01,1.881549047716178036e+00,-3.755230896368423332e-01
3.881714142497905140e-01,1.830973502705290690e+00,-4.073210848609881696e-01
5.676500418735617171e-01,1.755862513546975867e+00,-4.345848663468873108e-01
7.384175799756851344e-01,1.656502554722969256e+00,-4.573438656426543902e-01
8.980958988493061845e-01,1.533929524815142775e+00,-4.755082613819175963e-01
1.044443671579382338e+00,1.389944987833301004e+00,-4.888213386986165476e-01
1.175434289282024425e+00,1.227066909099628012e+00,-4.969402328959332538e-01
1.289324040655128734e+00,1.048416115701126250e+00,-4.995828880854765730e-01
1.384704136810712694e+00,8.575436408450175518e-01,-4.966399879660815531e-01
1.460533061713648273e+00,6.582154042373299374e-01,-4.881716797991312307e-01
1.516148081925789093e+00,4.541872798080975326e-01,-4.742906484335495110e-01
1.551256655355815139e+00,2.490116973983285686e-01,-4.550286229200014576e-01
1.565910507003502872e+00,4.590471882606712850e-02,-4.303136713805290059e-01
1.560467073800117843e+00,-1.523240111014294018e-01,-4.001093086975774371e-01
1.535543987972063817e+00,-3.432968664857886654e-01,-3.646350441402407272e-01
1.491971922474037093e+00,-5.250690602632986925e-01,-3.245103420537890360e-01
1.430750049441451122e+00,-6.961108530261680416e-01,-2.807067215973165775e-01
1.353007305474289268e+00,-8.552649516152915909e-01,-2.343202196646646807e-01
1.259971804984043597e+00,-1.001672402575569665e+00,-1.862887619525583072e-01
1.152949856163777209e+00,-1.134670198914813577e+00,-1.372022425590319339e-01
1.033314930861117364e+00,-1.253675589364202425e+00,-8.728957972015397027e-02
9.025057024131963868e-01,-1.358078428855446385e+00,-3.657102131031311765e-02
7.620311296022015402e-01,-1.447161624913311906e+00,1.491007717749934236e-02
6.134797492227703763e-01,-1.520062715819071153e+00,6.688676558165948527e-02
4.585299693260311837e-01,-1.575780530854111072e+00,1.187846971700804166e-01
2.989582416305840429e-01,-1.613223244174967208e+00,1.697806900221106863e-01
1.366424154076344433e-01,-1.631289806843604362e+00,2.189626937413489960e-01
-2.644189403082930490e-02,-1.628975172348728906e+00,2.655073099571251261e-01
-1.882336641961759316e-01,-1.605488764330522011e+00,3.087922012634390923e-01
-3.466089777973719865e-01,-1.560373734106749177e+00,3.484036516353182789e-01
-4.994146240254193625e-01,-1.493612508002435613e+00,3.840586128043764758e-01
-6.445126615648233415e-01,-1.405704368903968993e+00,4.155017272051065857e-01
-7.798340273825508095e-01,-1.297704819419705169e+00,4.424398275996378471e-01
-9.034371280028434814e-01,-1.171222790351775567e+00,4.645434189002298764e-01
-1.013565672592475098e+00,-1.028377036363562036e+00,4.815010515749332809e-01
-1.108699626629090718e+00,-8.717153931692324109e-01,4.930846977238115825e-01
-1.187594326075556816e+00,-7.041017521265883206e-01,4.991839172429263227e-01
-1.249304958815236732e+00,-5.285792032981132538e-01,4.997884534376265675e-01
-1.293195888527620463e+00,-3.482243230797445466e-01,4.949304525096874796e-01
-1.318936030795460512e+00,-1.660124419836447873e-01,4.846256550919986195e-01
-1.326482576834303595e+00,1.528854177081291621e-02,4.688621081853011630e-01
-1.316055969906330114e+00,1.931876227058795803e-01,4.476615632500607900e-01
-1.288109343951408414e+00,3.655054837742620077e-01,4.211882992186087860e-01
-1.243295728020303637e+00,5.303812963470518893e-01,3.898356292064403261e-01
-1.182436236851592826e+00,6.862563649007692446e-01,3.542202061407476732e-01
-1.106492156003243688e+00,8.318358174086738499e-01,3.150662560000324630e-01
-1.016543184709801873e+00,9.660291225326228526e-01,2.730322963069039544e-01
-9.137730923520994697e-01,1.087874318058337897e+00,2.285732805180299143e-01
-7.994628132628129880e-01,1.196456924778321662e+00,1.819154907414624878e-01
-6.749898035911512384e-01,1.290838782718950695e+00,1.331610874191138938e-01
-5.418315545847909309e-01,1.370011891148785521e+00,8.246959819949747916e-02
-4.015706371877849623e-01,1.432887523211830549e+00,3.022215387005897091e-02
-2.558985591088138722e-01,1.478323388240559977e+00,-2.291739687453034358e-02
-1.066159584140928818e-01,1.505184458225141020e+00,-7.607553976742767454e-02
4.437292507818990650e-02,1.512428582835293467e+00,-1.283345323123558368e-01
1.950731370819125399e-01,1.499206447360663885e+00,-1.788989035853979781e-01
3.434205251818329696e-01,1.464965227802201175e+00,-2.271758151724149466e-01
4.873127016110465615e-01,1.409544911122267541e+00,-2.727380159155688988e-01
6.246494394688764107e-01,1.333255732445367547e+00,-3.152106639486521589e-01
7.533811007713857588e-01,1.236925943654739291e+00,-3.541666245210218777e-01
8.715619621537085138e-01,1.121912140306599914e+00,-3.891029298811449211e-01
9.774038526184438691e-01,9.900689465319415516e-01,-4.195136495973034174e-01
1.069325011407090020e+00,8.436794618534494417e-01,-4.450091942073132190e-01
1.145989728320403689e+00,6.853520005454142305e-01,-4.654003092418693699e-01
1.206335773185936766e+00,5.178931573743080774e-01,-4.806862584638028624e-01
1.249588262570137109e+00,3.441722650301118347e-01,-4.909476838631842144e-01
1.275260101597441187e+00,1.669954448338442643e-01,-4.962079292157969279e-01
1.283140447931712558e+00,-1.099472672767569381e-02,-4.963524764659129618e-01
1.273273776482998443e+00,-1.873857542620226968e-01,-4.911654973946230074e-01
1.245932928386574989e+00,-3.600289443944719170e-01,-4.804703464039948857e-01
1.201589846955281704e+00,-5.270462179861860053e-01,-4.642909541403571483e-01
1.140887550797156980e+00,-6.868148692684866718e-01,-4.429302113772780602e-01
1.064616400927555828e+00,-8.379314556455900176e-01,-4.169066349686519901e-01
9.736969544470560622e-01,-9.791547482845875949e-01,-3.867756869861028735e-01
8.691706406766916970e-01,-1.109331282442788558e+00,-3.529349707906465072e-01
7.521981706351510422e-01,-1.227313897854880098e+00,-3.155292424781254157e-01
6.240641844605780975e-01,-1.331889669925670150e+00,-2.745210186661185547e-01
4.861854757927415172e-01,-1.421734925320804921e+00,-2.299011109120005225e-01
3.401195212340326623e-01,-1.495410061247815614e+00,-1.819289616896401507e-01
1.875701336943709219e-01,-1.551397387269464412e+00,-1.312642440324697513e-01
3.038773947404060927e-02,-1.588175517844791829e+00,-7.890268717977480528e-02
-1.294372961149024004e-01,-1.604318291105691907e+00,-2.593888737586982907e-02
-2.897891389728923794e-01,-1.598605971124223091e+00,2.671637920291911050e-02
-4.484493543080148026e-01,-1.570138844121060417e+00,7.850558400913851265e-02
-6.031289339017480433e-01,-1.518444300343956721e+00,1.291890358610271183e-01
-7.515102721490503068e-01,-1.443566936431819991e+00,1.786379295265544120e-01
-8.912990777401688103e-01,-1.346129785185649519e+00,2.265909610149730857e-01
-1.020284274182736484e+00,-1.227356902460490895e+00,2.725230135928694564e-01
-1.136401436627766381e+00,-1.089053386285130154e+00,3.156941084007013343e-01
-1.237793489855916862e+00,-9.335448953343893352e-01,3.553303003189921538e-01
-1.322862333474499552e+00,-7.635814599181945939e-01,3.908142983174184293e-01
-1.390306767585395287e+00,-5.822107488890716498e-01,4.217749771260866920e-01
-1.439144490167268531e+00,-3.926283337283804076e-01,4.480405317110393026e-01
-1.468717875200394873e+00,-1.980189292607958396e-01,4.695022510643508395e-01
-1.478684442379767150e+00,-1.409000420158942890e-03,4.859809782095209085e-01
-1.468993904234466408e+00,1.944490160922034971e-01,4.971842447702908840e-01
-1.439854875783865618e+00,3.871487665350217822e-01,5.027926297391570598e-01
-1.391695632228437285e+00,5.746565954906442952e-01,5.026340191052537376e-01
-1.325124240888762239e+00,7.552966721536708006e-01,4.968333369596916738e-01
-1.240893616917268405e+00,9.276982086050259424e-01,4.858158810241189896e-01
-1.139876416622732203e+00,1.090706739679779380e+00,4.701177715339167618e-01
-1.023053163018174283e+00,1.243264216047055504e+00,4.500815513208874519e-01
-8.915146895374894687e-01,1.384271398723932789e+00,4.256139923370508837e-01
-7.464772224936473410e-01,1.512457171695259062e+00,3.961900176206353263e-01
-5.893058299227320607e-01,1.626286141041688671e+00,3.611783200291992513e-01
-4.215403221097082653e-01,1.723931631820816657e+00,3.203762680205767266e-01
-2.449175551882787349e-01,1.803323961722959945e+00,2.744687307177561264e-01
-6.138541120826501718e-02,1.862260336427393748e+00,2.250921695681807611e-01
1.268942146103342328e-01,1.898546631046789779e+00,1.743657152487586293e-01
3.175543033569854234e-01,1.910143767702707995e+00,1.240767190446313284e-01
5.080436332950071243e-01,1.895309664475158362e+00,7.497119015097450379e-02
6.956604008624454050e-01,1.852745127613670162e+00,2.659291129558635780e-02
8.776003028010175289e-01,1.781751618363786482e+00,-2.219341684825795746e-02
1.051021042399638672e+00,1.682388869312084756e+00,-7.228461621750095767e-02
1.213123066240318959e+00,1.555596851535936187e+00,-1.235804491408184769e-01
1.361241730722581478e+00,1.403239877153799275e+00,-1.748558452926626539e-01
1.492941068247671144e+00,1.228048085480347273e+00,-2.243378712977463219e-01
1.606096968546272485e+00,1.033462190624834909e+00,-2.705913942556189555e-01
1.698959637551971324e+00,8.234122642425701910e-01,-3.131088754314862443e-01
1.770190373798534722e+00,6.020696673964262002e-01,-3.522296340570508777e-01
1.818872848581623458e+00,3.736058849268866777e-01,-3.885042044167344999e-01
1.844501945233783191e+00,1.419815879825170879e-01,-4.219702127565884142e-01
1.846953906308234750e+00,-8.922094117785143996e-02,-4.517896593818636619e-01
1.826441464607346132e+00,-3.169174377739986670e-01,-4.764271030555750075e-01
1.783457894728465609e+00,-5.385940971183843518e-01,-4.942572948119138276e-01
1.718714828077903878e+00,-7.523333697681363619e-01,-5.043021839503342152e-01
1.633080056686995629e+00,-9.567883335533499123e-01,-5.067368385839517986e-01
1.527522886827021198e+00,-1.151095831331815811e+00,-5.028860972002365815e-01
1.403075015268394843e+00,-1.334720645101647785e+00,-4.946495214100866677e-01
1.260813535776155847e+00,-1.507235318111920686e+00,-4.835668068345856385e-01
1.101869284864960274e+00,-1.668060828078343549e+00,-4.699516336045422848e-01
9.274588848659031104e-01,-1.816216157283831345e+00,-4.525729683780969070e-01
7.389338337141907465e-01,-1.950139648324774599e+00,-4.291836728688781522e-01
5.378365078514828479e-01,-2.067637981527672864e+00,-3.977904077143580297e-01
3.259523458302469034e-01,-2.165980895582936938e+00,-3.580667395833759814e-01
1.053498184710057739e-01,-2.242103126978223671e+00,-3.120403428052941353e-01
-1.215964238614009041e-01,-2.292835231863833201e+00,-2.634444295438430617e-01
-3.522006068821526004e-01,-2.315097356970640341e+00,-2.159050830445227442e-01
-5.834791542583064317e-01,-2.306053112458522847e+00,-1.709784494622514084e-01
-8.121833583432847004e-01,-2.263286429345267692e+00,-1.273252372274359667e-01
-1.034855233229365234e+00,-2.185072522546580132e+00,-8.171204378780774769e-02
-1.247912870022649168e+00,-2.070745095605946773e+00,-3.135924007137194658e-02
-1.447770602563241527e+00,-1.921060914265982911e+00,2.384214155938021995e-02
-1.630991646076400459e+00,-1.738409030506322006e+00,8.081948549574743956e-02
-1.794456500068689175e+00,-1.526752513147499934e+00,1.350464683881210382e-01
-1.935516066023265980e+00,-1.291299241138462728e+00,1.833955721635714686e-01
-2.052096409542071953e+00,-1.038000126942846046e+00,2.259928509337737201e-01
-2.142738514331608890e+00,-7.730103962849687038e-01,2.656745646554651286e-01
-2.206580745479158168e+00,-5.022205943181089483e-01,3.056288621426500596e-01
-2.243305781849607605e+00,-2.309070340083946848e-01,3.471105560171235949e-01
-2.253070799079832653e+00,3.649248846180504213e-02,3.886244936837738306e-01
-2.236428949361953578e+00,2.964879901819175712e-01,4.266357397173504706e-01
-2.194243589615155976e+00,5.465467850323849630e-01,4.570862858298693210e-01
-2.127597343887628334e+00,7.850288333184475276e-01,4.769932754466975622e-01
-2.037701832346093589e+00,1.011080096812058349e+00,4.856128872824382325e-01
-1.925816705821392860e+00,1.224502203357614283e+00,4.847899799692879652e-01
-1.793187332839956349e+00,1.425589648547477273e+00,4.783054265592409093e-01
-1.641009268539423305e+00,1.614909017801057223e+00,4.703773345150022989e-01
-1.470424719805017100e+00,1.793003475046640594e+00,4.638428231650050249e-01
-1.282551905519049962e+00,1.960038758691815763e+00,4.587629209683922182e-01
-1.078543027904159901e+00,2.115452404080116366e+00,4.521602417797535578e-01
-8.596616139710813176e-01,2.257704797022332066e+00,4.392663578749588238e-01
-6.273672191810224508e-01,2.384227445560958891e+00,4.159855792750616343e-01
-3.833965571448783027e-01,2.491596582247065594e+00,3.814334320927369459e-01
-1.298339556401286732e-01,2.575850530358529955e+00,3.389385765129010464e-01
1.308329931957563641e-01,2.632796194717120564e+00,2.944648255796903369e-01
3.956769801815200882e-01,2.658192116860621290e+00,2.529965844484544091e-01
6.613206761597798522e-01,2.647845869384875428e+00,2.150308277688369463e-01
9.239623999762487383e-01,2.597810894988827890e+00,1.756777482146983649e-01
1.179448981550163422e+00,2.504873422848815423e+00,1.275032145381825577e-01
1.423404712084085366e+00,2.367336852621541254e+00,6.581527934988681827e-02
1.651418013101492832e+00,2.185851538702234365e+00,-6.909009258199066972e-03
1.859276426351501144e+00,1.963903298981459988e+00,-8.086057781140101874e-02
2.043225600432275968e+00,1.707678406239242497e+00,-1.440221852575308825e-01
2.200208521354194868e+00,1.425296539161026166e+00,-1.896496005374547489e-01
2.328028213475652031e+00,1.125676973881945875e+00,-2.204801554632257743e-01
2.425391502103482644e+00,8.174354896197523201e-01,-2.461079806611695953e-01
2.491835360100816743e+00,5.081283992721966625e-01,-2.759988357902943834e-01
2.527581147434081910e+00,2.039143379231747599e-01,-3.140182037539861470e-01
2.533373770258110724e+00,-9.050807743869719590e-02,-3.576069151994306639e-01
2.510340418598000056e+00,-3.718472726529233330e-01,-4.003219175511293360e-01
2.459872408161818402e+00,-6.381073344710267436e-01,-4.351074792593624396e-01
2.383518613204695491e+00,-8.884170072042484323e-01,-4.568520420561742457e-01
2.282883657264154653e+00,-1.122817451468707484e+00,-4.639312114889168059e-01
2.159535700526363566e+00,-1.342044171863534752e+00,-4.586536879411912127e-01
2.014935580104976864e+00,-1.547312327895572048e+00,-4.464770885915118059e-01
1.850398523578204335e+00,-1.740076851562969873e+00,-4.340977766873425070e-01
1.667094630517914400e+00,-1.921728511702108344e+00,-4.269440648282244455e-01
1.467873961872555588e+00,-2.059750532876657658e+00,4.398020978681924098e-02
1.255730749895788811e+00,-2.175565797854316585e+00,1.276802139222706634e-01
1.032931403995695163e+00,-2.272383975522819455e+00,1.661107683506156396e-01
8.014140662379052316e-01,-2.350514395649447863e+00,2.104759676186443718e-01
5.631304051717200831e-01,-2.408657370558011657e+00,2.593930746386899910e-01
3.201984745717092462e-01,-2.444608958765122964e+00,3.071423612532439007e-01
7.496999216516875286e-02,-2.455695112609934228e+00,3.502888347514837575e-01
-1.699453980269625131e-01,-2.439131828415753489e+00,3.874023338377438064e-01
-4.116850925071553480e-01,-2.392401624214656408e+00,4.183806695274893128e-01
-6.471680657680354276e-01,-2.313648473325136123e+00,4.439004934783480349e-01
-8.731641487336980756e-01,-2.202036206968855936e+00,4.648097143924542207e-01
-1.086400564867083363e+00,-2.058004755818339859e+00,4.815208141894044003e-01
-1.283700296639999516e+00,-1.883388686240076604e+00,4.936590236876366999e-01
-1.462136842343407794e+00,-1.681402086086338565e+00,5.001769860198618245e-01
-1.619182044248679064e+00,-1.456505696150833140e+00,4.999158739844870025e-01
-1.752822662463928483e+00,-1.214148072055350136e+00,4.923203440524258623e-01
-1.861629146622924447e+00,-9.603566156745292348e-01,4.778760353466350308e-01
-1.944772269254518848e+00,-7.012032439235601489e-01,4.579611035831402388e-01
-2.001993157128245215e+00,-4.422643370147893438e-01,4.341647505838136523e-01
-2.033537771323829624e+00,-1.882344455582602438e-01,4.074909160947822739e-01
-2.040069903710175048e+00,5.722076934420335104e-02,3.779487550248700201e-01
-2.022577318917454292e+00,2.914099763522999820e-01,3.447652726296678294e-01
-1.982282587245624450e+00,5.124654964987732653e-01,3.070458849302849513e-01
-1.920565015720784752e+00,7.191848870620435319e-01,2.644531886256328290e-01
-1.838896213592465800e+00,9.108966232426637388e-01,2.175259216799599604e-01
-1.738790484489760368e+00,1.087338735310778182e+00,1.675284081159514604e-01
-1.621771126028474841e+00,1.248528782243097934e+00,1.159881799010474557e-01
-1.489353269364911414e+00,1.394615582692702693e+00,6.419513125687612010e-02
-1.343042710858714850e+00,1.525720547487619205e+00,1.289138661541752717e-02
-1.184348723912476808e+00,1.641788432215467664e+00,-3.774752016066176830e-02
-1.014807555599039235e+00,1.742470592735517743e+00,-8.787557753966016016e-02
-8.360123872045785998e-01,1.827059249754725556e+00,-1.376164804387133567e-01
-6.496450482558644435e-01,1.894481709383344370e+00,-1.867525331459606586e-01
-4.575048555464384936e-01,1.943353217424881985e+00,-2.346042206421376231e-01
-2.615306238452463905e-01,1.972080386127262441e+00,-2.801510485110912940e-01
-6.381280752075491058e-02,1.979005271759101126e+00,-3.223241620224480686e-01
1.334067265151717141e-01,1.962580197792127334e+00,-3.603127381179077604e-01
3.277498897162203217e-01,1.921560700822533496e+00,-3.937245901666043268e-01
5.167352671877167847e-01,1.855197482050891855e+00,-4.225315599729638771e-01
6.978304569843014615e-01,1.763402504111862390e+00,-4.468547443217768533e-01
8.685226496657640904e-01,1.646865277211270628e+00,-4.667259034036251863e-01
1.026401941658321881e+00,1.507103695883401207e+00,-4.819582601589377235e-01
1.169248147349725597e+00,1.346443642772745752e+00,-4.921863039908443982e-01
1.295110708974852809e+00,1.167926755420855889e+00,-4.970353722333405999e-01
1.402373131547855811e+00,9.751479782056530210e-01,-4.963054177921409904e-01
1.489796722186422340e+00,7.720330829106617498e-01,-4.900405311388712493e-01
1.556541430690128625e+00,5.625855524205806146e-01,-4.784288847531651401e-01
1.602163812827508416e+00,3.506501236448665293e-01,-4.616065028423551597e-01
1.626594356235032679e+00,1.397372752857178324e-01,-4.395289555662574843e-01
1.630098863844729351e+00,-6.707477305221780373e-02,-4.120391025287278852e-01
1.613230263963101319e+00,-2.671761118846164851e-01,-3.791094060073564309e-01
1.576777188751910641e+00,-4.584271482126817676e-01,-3.410940203817506289e-01
1.521714347556820446e+00,-6.391430168042459004e-01,-2.988080877113975520e-01
1.449158272569926131e+00,-8.080581207258391574e-01,-2.533696670800767992e-01
1.360331040487537280e+00,-9.642604591822979687e-01,-2.058941475578325575e-01
1.256533845767539237e+00,-1.107092280837337350e+00,-1.572100692132895328e-01
1.139131381157321155e+00,-1.236027381277536863e+00,-1.077340690849243610e-01
1.009546755583835109e+00,-1.350545961523730520e+00,-5.754564786248042574e-02
8.692653644367300814e-01,-1.450030404993873256e+00,-6.605465401638671574e-03
7.198450245174701223e-01,-1.533700155356900519e+00,4.499422730909227730e-02
5.629290130943769288e-01,-1.600594534160173277e+00,9.685960293522097309e-02
4.002584988260085019e-01,-1.649602915683127558e+00,1.482729559714311696e-01
2.336811727134111560e-01,-1.679535287803857857e+00,1.983144421982128980e-01
6.515347303159635395e-02,-1.689223627631358804e+00,2.460588930734769197e-01
-1.032656456193252748e-01,-1.677643867714167181e+00,2.907497716532060350e-01
-2.694310989801789180e-01,-1.644046892105974544e+00,3.318740109546948203e-01
-4.311396241938985074e-01,-1.588084284510408617e+00,3.691207279727092283e-01
-5.861700253053874210e-01,-1.509912636087694660e+00,4.022689114306839953e-01
-7.323349554178764098e-01,-1.410262048254253608e+00,4.310790224720290054e-01
-8.675412108130593491e-01,-1.290460452265613123e+00,4.552477193582785686e-01
-9.898531477712164683e-01,-1.152412410188187630e+00,4.744389305719448613e-01
-1.097552432013430002e+00,-9.985353253339203095e-01,4.883592181750299188e-01
-1.189187662952146285e+00,-8.316570668341577433e-01,4.968254042148271266e-01
-1.263609368301983560e+00,-6.548807818373082457e-01,4.997828091198596168e-01
-1.319988513056199020e+00,-4.714287540149177391e-01,4.972631925287583909e-01
-1.357818990685873972e+00,-2.844853613382236079e-01,4.893088438186009581e-01
-1.376906106141475350e+00,-9.706217004339039167e-02,4.759172322001558042e-01
-1.377343924451802204e+00,8.809873050542711692e-02,4.570587767058452711e-01
-1.359484800122077397e+00,2.685800153153595216e-01,4.327775450335121787e-01
-1.323904583005975022e+00,4.423097961100504460e-01,4.033213215669445573e-01
-1.271366999414442533e+00,6.075558199300007400e-01,3.692110324150758016e-01
-1.202790542087974091e+00,7.628967612377745011e-01,3.311853869331383704e-01
-1.119220769391920500e+00,9.071704350690897867e-01,2.900323350532784117e-01
-1.021810091505173768e+00,1.039400308587433264e+00,2.463922101024803302e-01
-9.118059319962876774e-01,1.158707805073185382e+00,2.006390992064933376e-01
-7.905468085201017292e-01,1.264224527886210536e+00,1.529059546849492468e-01
-6.594646630055003289e-01,1.355021662059879839e+00,1.032424660005827055e-01
-5.200909129983910528e-01,1.430071585312361782e+00,5.182534720792628113e-02
-3.740632919835726877e-01,1.488249946705711091e+00,-8.865768831586573473e-04
-2.231305791288777929e-01,1.528377977172621138e+00,-5.413151951969755182e-02
-6.915266917183315876e-02,1.549297890142855794e+00,-1.069660542674572279e-01
8.590608714437508731e-02,1.549970760943778947e+00,-1.584602027468885732e-01
2.399919029225718869e-01,1.529585614943004712e+00,-2.078602192034032792e-01
3.909861786183863597e-01,1.487668515522406976e+00,-2.546377054340825952e-01
5.367404077192288181e-01,1.424179927401078904e+00,-2.984159280286898808e-01
6.751209701292408827e-01,1.339588278028008395e+00,-3.388382967001489776e-01
8.040617419254738607e-01,1.234909142519675873e+00,-3.754736558787082901e-01
9.216205728457520507e-01,1.111703355117279690e+00,-4.078218629828810338e-01
1.026034379968731924e+00,9.720322902983954405e-01,-4.354133264799290304e-01
1.115767503533381388e+00,8.183730586322360834e-01,-4.579328288891711951e-01
1.189549067790657721e+00,6.535006084527220649e-01,-4.752806222045801166e-01
1.246396806668710777e+00,4.803489171062638730e-01,-4.875230347407085718e-01
1.285626528452516126e+00,3.018689333932991770e-01,-4.947566357178320162e-01
1.306847872776041974e+00,1.209030230662760524e-01,-4.969700660030414996e-01
1.309948308975791953e+00,-5.990901266308605588e-02,-4.939968196342451323e-01
1.295068405585574123e+00,-2.381872880430526140e-01,-4.856003513639680635e-01
1.262572068537947123e+00,-4.118366835085291444e-01,-4.716485419506969423e-01
